2,15,0,15,0 2,15,0,15,0 2,15,0,15,0 2,15,0,15,0 2,15,0,15,0 2,15,0,15,0 2,15,0,15,0 2,15,0,15,0 2,15,0,15,0 2,15,0,15,0 2,15,0,15,0 2,15,0,15,0 2,15,0,15,0 2,15,0,15,0 2,15,0,15,0 2,15,0,15,0 2,15,0,15,0 2,15,0,15,0 2,15,0,15,0 2,15,0,15,0 2,15,0,15,0 2,15,0,15,0 2,15,0,15,0 2,15,0,15,0 2,15,0,15,0 
2,15,0,15,0 2,15,0,15,0 2,15,0,15,0 2,15,0,15,0 2,15,0,15,0 2,15,0,15,0 2,15,0,15,0 2,15,0,1,0 2,15,0,1,0 2,15,0,1,0 2,15,0,15,0 2,15,0,15,0 2,15,0,15,0 2,15,0,15,0 2,15,0,15,0 2,15,0,15,0 2,15,0,15,0 2,15,0,15,0 2,15,0,15,0 2,15,0,15,0 2,15,0,15,0 2,15,0,15,0 2,15,0,15,0 2,15,0,15,0 2,15,0,15,0 
2,15,0,15,0 2,15,0,15,0 6,15,0,1,0 6,15,0,1,0 6,15,0,1,0 2,15,0,15,0 2,15,0,15,0 2,15,0,15,0 2,15,0,15,0 2,15,0,15,0 2,15,0,15,0 2,15,0,15,0 2,15,0,15,0 2,15,0,15,0 2,15,0,15,0 2,15,0,15,0 2,15,0,15,0 2,15,0,15,0 2,15,0,15,0 2,15,0,15,0 2,15,0,15,0 2,15,0,15,0 2,15,0,15,0 2,15,0,15,0 2,15,0,15,0 
2,15,0,15,0 2,15,0,15,0 6,15,0,1,0 6,15,0,1,0 6,15,0,1,0 2,15,0,15,0 2,15,0,15,0 2,15,0,15,0 2,15,0,15,0 2,15,0,15,0 2,15,0,15,0 2,15,0,15,0 2,15,0,15,0 2,15,0,15,0 2,15,0,15,0 2,15,0,15,0 2,15,0,15,0 2,15,0,15,0 2,15,0,15,0 2,15,0,1,0 2,15,0,1,0 2,15,0,15,0 2,15,0,15,0 2,15,0,15,0 2,15,0,15,0 
2,15,0,15,0 2,15,0,15,0 2,15,0,15,0 2,15,0,15,0 2,15,0,15,0 2,15,0,15,0 2,15,0,15,0 2,15,0,15,0 2,15,0,15,0 2,15,0,15,0 2,15,0,15,0 2,15,0,15,0 2,15,0,15,0 2,15,0,15,0 2,15,0,15,0 2,15,0,15,0 2,15,0,15,0 2,15,0,15,0 2,15,0,15,0 2,15,0,15,0 2,15,0,15,0 2,15,0,15,0 2,15,0,15,0 2,15,0,15,0 2,15,0,15,0 
2,15,0,15,0 2,15,0,15,0 2,15,0,15,0 2,15,0,15,0 2,15,0,15,0 2,15,0,15,0 2,15,0,1,0 2,15,0,15,0 2,15,0,15,0 2,15,0,15,0 2,15,0,15,0 2,15,0,15,0 2,15,0,15,0 2,15,0,15,0 2,15,0,15,0 2,15,0,15,0 2,15,0,15,0 2,15,0,15,0 2,15,0,15,0 2,15,0,15,0 2,15,0,15,0 2,15,0,15,0 2,15,0,15,0 2,15,0,15,0 2,15,0,15,0 
2,15,0,15,0 2,15,0,15,0 2,15,0,15,0 2,15,0,15,0 2,15,0,15,0 2,15,0,15,0 2,15,0,15,0 2,15,0,15,0 2,15,0,15,0 2,15,0,15,0 2,15,0,15,0 2,15,0,15,0 2,15,0,15,0 2,15,0,15,0 2,15,0,15,0 2,15,0,15,0 2,15,0,15,0 2,15,0,15,0 2,15,0,15,0 2,15,0,15,0 2,15,0,15,0 2,15,0,15,0 2,15,0,15,0 2,15,0,15,0 2,15,0,15,0 
2,15,0,15,0 2,15,0,15,0 2,15,0,15,0 2,15,0,15,0 2,15,0,15,0 2,15,0,15,0 2,15,0,15,0 2,15,0,15,0 2,15,0,15,0 2,15,0,15,0 2,15,0,15,0 2,15,0,15,0 2,15,0,15,0 2,15,0,15,0 2,15,0,15,0 2,15,0,15,0 2,15,0,15,0 2,15,0,15,0 2,15,0,15,0 2,15,0,15,0 2,15,0,15,0 2,15,0,15,0 2,15,0,15,0 2,15,0,15,0 2,15,0,15,0 
2,15,0,15,0 2,15,0,15,0 2,15,0,15,0 2,15,0,15,0 2,15,0,15,0 2,15,0,15,0 2,15,0,15,0 2,15,0,15,0 2,15,0,15,0 2,15,0,15,0 2,15,0,15,0 2,15,0,15,0 2,15,0,15,0 2,15,0,15,0 2,15,0,15,0 2,15,0,15,0 2,15,0,15,0 2,15,0,15,0 2,15,0,15,0 2,15,0,15,0 2,15,0,15,0 2,15,0,15,0 2,15,0,15,0 2,15,0,15,0 2,15,0,15,0 
2,15,0,15,0 2,15,0,15,0 2,15,0,15,0 2,15,0,15,0 2,15,0,15,0 2,15,0,15,0 2,15,0,15,0 2,15,0,15,0 2,15,0,15,0 2,15,0,15,0 2,15,0,15,0 2,15,0,15,0 2,15,0,15,0 2,15,0,15,0 2,15,0,15,0 2,15,0,15,0 2,15,0,15,0 2,15,0,15,0 2,15,0,15,0 2,15,0,15,0 2,15,0,15,0 2,15,0,15,0 2,15,0,15,0 2,15,0,15,0 2,15,0,15,0 
2,15,0,15,0 2,15,0,15,0 2,15,0,15,0 2,15,0,15,0 2,15,0,15,0 2,15,0,15,0 2,15,0,15,0 2,15,0,15,0 2,15,0,15,0 2,15,0,15,0 2,15,0,15,0 2,15,0,15,0 2,15,0,15,0 2,15,0,15,0 2,15,0,15,0 2,15,0,15,0 2,15,0,15,0 2,15,0,15,0 2,15,0,15,0 2,15,0,15,0 2,15,0,15,0 2,15,0,15,0 2,15,0,15,0 2,15,0,15,0 2,15,0,15,0 
2,15,0,15,0 2,15,0,15,0 2,15,0,15,0 2,15,0,15,0 2,15,0,15,0 2,15,0,15,0 2,15,0,15,0 2,15,0,15,0 2,15,0,15,0 2,15,0,15,0 2,15,0,15,0 2,15,0,15,0 2,15,0,15,0 2,15,0,15,0 2,15,0,15,0 2,15,0,15,0 2,15,0,15,0 2,15,0,15,0 2,15,0,15,0 2,15,0,15,0 2,15,0,15,0 2,15,0,15,0 2,15,0,15,0 2,15,0,15,0 2,15,0,15,0 
2,15,0,15,0 2,15,0,15,0 2,15,0,15,0 2,15,0,15,0 2,15,0,15,0 2,15,0,15,0 2,15,0,15,0 2,15,0,15,0 2,15,0,15,0 2,15,0,15,0 2,15,0,15,0 2,15,0,15,0 2,15,0,15,0 2,15,0,15,0 2,15,0,15,0 2,15,0,15,0 2,15,0,15,0 2,15,0,15,0 2,15,0,15,0 2,15,0,15,0 2,15,0,15,0 2,15,0,15,0 2,15,0,15,0 2,15,0,15,0 2,15,0,15,0 
2,15,0,15,0 2,15,0,15,0 2,15,0,15,0 2,15,0,15,0 2,15,0,15,0 2,15,0,15,0 2,15,0,15,0 2,15,0,15,0 2,15,0,15,0 2,15,0,15,0 2,15,0,15,0 2,15,0,15,0 2,15,0,1,0 2,15,0,15,0 2,15,0,15,0 2,15,0,15,0 2,15,0,15,0 2,15,0,15,0 2,15,0,15,0 2,15,0,15,0 2,15,0,15,0 2,15,0,15,0 2,15,0,15,0 2,15,0,15,0 2,15,0,15,0 
2,15,0,15,0 2,15,0,15,0 2,15,0,15,0 2,15,0,15,0 2,15,0,15,0 2,15,0,15,0 2,15,0,15,0 2,15,0,15,0 2,15,0,15,0 2,15,0,15,0 2,15,0,15,0 2,15,0,15,0 2,15,0,15,0 2,15,0,15,0 2,15,0,15,0 2,15,0,15,0 2,15,0,15,0 2,15,0,15,0 2,15,0,15,0 2,15,0,15,0 2,15,0,15,0 2,15,0,15,0 2,15,0,15,0 2,15,0,15,0 2,15,0,15,0 
2,15,0,15,0 2,15,0,15,0 2,15,0,15,0 2,15,0,15,0 2,15,0,15,0 2,15,0,15,0 2,15,0,15,0 2,15,0,15,0 2,15,0,15,0 2,15,0,15,0 2,15,0,15,0 2,15,0,15,0 2,15,0,15,0 2,15,0,15,0 2,15,0,15,0 2,15,0,15,0 2,15,0,15,0 2,15,0,15,0 2,15,0,15,0 2,15,0,15,0 2,15,0,15,0 2,15,0,15,0 2,15,0,15,0 2,15,0,15,0 2,15,0,15,0 
2,15,0,15,0 2,15,0,15,0 2,15,0,15,0 2,15,0,15,0 2,15,0,15,0 2,15,0,15,0 2,15,0,15,0 2,15,0,15,0 2,15,0,15,0 2,15,0,15,0 2,15,0,15,0 2,15,0,15,0 2,15,0,15,0 2,15,0,15,0 2,15,0,15,0 2,15,0,15,0 2,15,0,15,0 2,15,0,15,0 2,15,0,15,0 2,15,0,15,0 2,15,0,15,0 2,15,0,15,0 2,15,0,15,0 2,15,0,15,0 2,15,0,15,0 
2,15,0,15,0 2,15,0,15,0 2,15,0,15,0 2,15,0,15,0 2,15,0,15,0 2,15,0,15,0 2,15,0,15,0 2,15,0,15,0 2,15,0,15,0 2,15,0,15,0 2,15,0,15,0 2,15,0,15,0 2,15,0,15,0 2,15,0,15,0 2,15,0,15,0 2,15,0,15,0 2,15,0,15,0 2,15,0,15,0 2,15,0,15,0 2,15,0,15,0 2,15,0,15,0 2,15,0,15,0 2,15,0,15,0 2,15,0,15,0 2,15,0,15,0 
2,15,0,15,0 2,15,0,15,0 2,15,0,15,0 2,15,0,15,0 2,15,0,15,0 2,15,0,15,0 2,15,0,15,0 2,15,0,15,0 2,15,0,15,0 2,15,0,15,0 2,15,0,15,0 2,15,0,15,0 2,15,0,15,0 2,15,0,15,0 2,15,0,15,0 2,15,0,15,0 2,15,0,15,0 2,15,0,15,0 2,15,0,15,0 2,15,0,15,0 2,15,0,15,0 2,15,0,15,0 2,15,0,15,0 2,15,0,15,0 2,15,0,15,0 
2,15,0,15,0 2,15,0,15,0 2,15,0,15,0 2,15,0,15,0 2,15,0,15,0 2,15,0,15,0 2,15,0,15,0 2,15,0,15,0 2,15,0,15,0 2,15,0,15,0 2,15,0,15,0 2,15,0,15,0 2,15,0,15,0 2,15,0,15,0 2,15,0,15,0 2,15,0,15,0 2,15,0,15,0 2,15,0,15,0 2,15,0,15,0 2,15,0,15,0 2,15,0,15,0 2,15,0,15,0 2,15,0,15,0 2,15,0,15,0 2,15,0,15,0 
2,15,0,15,0 2,15,0,15,0 2,15,0,15,0 2,15,0,15,0 2,15,0,15,0 2,15,0,15,0 2,15,0,15,0 2,15,0,15,0 2,15,0,15,0 2,15,0,15,0 2,15,0,15,0 2,15,0,15,0 2,15,0,15,0 2,15,0,15,0 2,15,0,15,0 2,15,0,15,0 2,15,0,15,0 2,15,0,15,0 2,15,0,15,0 2,15,0,15,0 2,15,0,15,0 2,15,0,15,0 2,15,0,15,0 2,15,0,15,0 2,15,0,15,0 
2,15,0,15,0 2,15,0,15,0 2,15,0,15,0 2,15,0,15,0 2,15,0,15,0 2,15,0,15,0 2,15,0,15,0 2,15,0,15,0 2,15,0,15,0 2,15,0,15,0 2,15,0,15,0 2,15,0,15,0 2,15,0,15,0 2,15,0,15,0 2,15,0,15,0 2,15,0,15,0 2,15,0,15,0 2,15,0,15,0 2,15,0,15,0 2,15,0,15,0 2,15,0,15,0 2,15,0,15,0 2,15,0,15,0 2,15,0,15,0 2,15,0,15,0 
2,15,0,15,0 2,15,0,15,0 2,15,0,15,0 2,15,0,15,0 2,15,0,15,0 2,15,0,15,0 2,15,0,15,0 2,15,0,15,0 2,15,0,15,0 2,15,0,15,0 2,15,0,15,0 2,15,0,15,0 2,15,0,15,0 2,15,0,15,0 2,15,0,15,0 2,15,0,15,0 2,15,0,15,0 2,15,0,15,0 2,15,0,15,0 2,15,0,15,0 2,15,0,15,0 2,15,0,15,0 2,15,0,15,0 2,15,0,15,0 2,15,0,15,0 
2,15,0,15,0 2,15,0,15,0 2,15,0,15,0 2,15,0,15,0 2,15,0,15,0 2,15,0,15,0 2,15,0,15,0 2,15,0,15,0 2,15,0,15,0 2,15,0,15,0 2,15,0,15,0 2,15,0,15,0 2,15,0,15,0 2,15,0,15,0 2,15,0,15,0 2,15,0,15,0 2,15,0,15,0 2,15,0,15,0 2,15,0,15,0 2,15,0,15,0 2,15,0,15,0 2,15,0,15,0 2,15,0,15,0 2,15,0,15,0 2,15,0,15,0 
2,15,0,15,0 2,15,0,15,0 2,15,0,15,0 2,15,0,15,0 2,15,0,15,0 2,15,0,15,0 2,15,0,15,0 2,15,0,15,0 2,15,0,15,0 2,15,0,15,0 2,15,0,15,0 2,15,0,15,0 2,15,0,15,0 2,15,0,15,0 2,15,0,15,0 2,15,0,15,0 2,15,0,15,0 2,15,0,15,0 2,15,0,15,0 2,15,0,15,0 2,15,0,15,0 2,15,0,15,0 2,15,0,15,0 2,15,0,15,0 2,15,0,15,0 
z
2,15,0,15,0 2,15,0,15,0 2,15,0,15,0 2,15,0,15,0 2,15,0,15,0 2,15,0,15,0 2,15,0,15,0 2,15,0,15,0 2,15,0,15,0 2,15,0,15,0 2,15,0,15,0 2,15,0,15,0 2,15,0,15,0 2,15,0,15,0 2,15,0,15,0 2,15,0,15,0 2,15,0,15,0 2,15,0,15,0 2,15,0,15,0 2,15,0,15,0 2,15,0,15,0 2,15,0,15,0 2,15,0,15,0 2,15,0,15,0 2,15,0,15,0 
2,15,0,15,0 2,15,2,11,0 1,15,0,15,0 2,15,2,11,0 1,15,0,1,0 2,15,0,1,0 1,15,0,15,0 1,15,0,15,0 2,15,0,1,0 1,3,0,15,0 1,3,0,15,0 1,3,0,15,0 1,3,0,15,0 1,3,0,15,0 2,15,0,15,0 1,15,0,15,0 1,15,0,15,0 1,15,0,15,0 1,15,0,15,0 1,15,0,15,0 1,15,0,15,0 1,15,0,15,0 1,15,0,15,0 1,15,0,15,0 2,15,0,15,0 
2,15,0,15,0 2,15,2,9,0 1,15,0,15,0 1,15,0,15,0 1,15,0,15,0 2,15,0,15,1 1,15,0,15,0 1,15,0,15,0 2,15,0,1,0 1,3,0,15,0 2,3,2,7,0 2,3,2,7,0 2,3,2,7,0 1,3,0,9,0 2,15,0,1,0 1,15,0,15,0 1,15,0,15,0 1,15,0,15,0 1,15,0,15,0 1,15,0,15,0 1,15,0,15,0 1,15,0,15,0 1,15,0,15,0 1,15,0,15,0 2,15,0,15,0 
2,15,0,15,0 2,15,2,11,0 7,15,0,15,0 1,15,0,15,0 1,15,0,15,0 1,15,0,15,0 1,15,0,15,0 1,15,0,15,0 5,15,4,15,5 1,3,0,9,0 2,3,2,7,0 2,3,2,7,0 2,3,2,7,0 1,3,0,15,0 2,15,0,15,0 1,15,0,15,0 1,15,0,15,0 1,15,0,15,0 1,15,0,15,0 1,15,0,15,0 1,15,0,15,0 1,15,0,15,0 1,15,0,15,0 1,15,0,15,0 2,15,0,15,0 
2,15,0,15,0 2,15,2,11,0 2,15,2,7,0 2,15,2,9,0 1,15,0,15,0 2,15,0,1,0 1,15,0,15,0 1,15,0,15,0 2,15,0,1,0 1,3,0,15,0 1,3,0,15,0 1,3,0,15,0 1,3,0,15,0 1,3,0,15,0 2,15,0,15,0 1,15,0,15,0 1,15,0,15,0 1,15,0,15,0 1,15,0,15,0 1,15,0,15,0 1,15,0,15,0 1,15,0,15,0 1,15,0,15,0 1,15,0,15,0 2,15,0,15,0 
2,15,0,15,0 2,15,0,1,0 2,15,0,15,4 2,15,0,15,0 2,15,0,1,0 2,15,0,1,0 1,15,0,15,0 1,15,0,15,0 2,15,0,1,0 2,15,0,1,0 2,15,0,1,0 2,15,0,1,0 2,15,0,1,0 2,15,0,1,0 2,15,0,1,0 2,15,0,1,0 2,15,0,1,0 2,15,0,1,0 2,15,0,1,0 2,15,0,1,0 1,15,0,15,0 1,15,0,15,0 1,15,0,15,0 1,15,0,15,0 2,15,0,15,0 
2,15,0,15,0 1,15,0,1,0 1,15,0,15,0 1,15,0,15,0 1,15,0,15,0 1,15,0,15,0 1,15,0,15,0 1,15,0,15,0 2,15,0,15,1 1,15,0,1,0 1,15,0,1,0 2,15,2,3,0 1,15,0,15,0 2,15,2,3,0 1,15,0,15,0 2,15,2,3,0 1,15,0,15,0 1,15,0,15,0 1,15,0,15,0 2,15,0,1,0 1,15,0,15,0 1,15,0,15,0 1,15,0,15,0 1,15,0,15,0 2,15,0,15,0 
2,15,0,15,0 1,15,0,1,0 1,15,0,15,0 1,15,0,15,0 1,15,0,1,0 1,15,0,15,0 1,15,0,1,0 1,15,0,1,0 2,15,0,1,0 1,15,0,1,0 1,15,0,1,0 2,15,2,3,0 1,15,0,15,0 2,15,2,3,0 1,15,0,15,0 2,15,2,3,0 1,15,0,15,0 2,15,2,7,0 1,15,0,15,0 2,15,0,15,1 1,15,0,15,0 1,15,0,15,0 1,15,0,15,0 1,15,0,15,0 2,15,0,15,0 
2,15,0,15,0 2,15,0,1,0 2,15,0,15,2 2,15,0,1,0 2,15,0,1,0 2,15,0,1,0 1,15,0,1,0 1,15,0,1,0 5,15,4,15,5 1,15,0,15,0 1,15,0,1,0 1,15,0,3,0 1,15,0,15,0 1,15,0,3,0 1,15,0,15,0 1,15,0,3,0 1,15,0,15,0 2,15,2,7,0 1,15,0,15,0 2,15,0,15,1 1,15,0,15,0 1,15,0,15,0 1,15,0,15,0 1,15,0,15,0 2,15,0,15,0 
2,15,0,15,0 1,15,0,15,0 1,15,0,15,0 1,15,0,15,0 1,15,0,15,0 1,15,0,1,0 1,15,0,1,0 1,15,0,1,0 2,15,0,1,0 1,15,0,15,0 1,15,0,15,0 2,15,2,3,0 1,15,0,15,0 2,15,2,3,0 1,15,0,15,0 2,15,2,3,0 1,15,0,15,0 2,15,2,7,0 1,15,0,15,0 2,15,0,15,1 1,15,0,15,0 1,15,0,15,0 1,15,0,15,0 1,15,0,15,0 2,15,0,15,0 
2,15,0,15,0 2,15,6,1,0 2,15,5,1,0 1,15,0,15,0 1,15,0,15,0 1,15,0,15,0 1,15,0,15,0 1,15,0,15,0 2,15,0,15,0 1,15,0,15,0 1,15,0,15,0 2,15,2,3,0 1,15,0,15,0 2,15,2,3,0 1,15,0,15,0 2,15,2,3,0 1,15,0,15,0 1,15,0,15,0 1,15,0,15,0 2,15,0,1,0 1,15,0,15,0 1,15,0,15,0 1,15,0,15,0 1,15,0,15,0 2,15,0,15,0 
2,15,0,15,0 1,15,0,15,0 1,15,0,15,0 1,15,0,15,0 1,15,0,15,0 1,15,0,15,0 1,15,0,15,0 1,15,0,15,0 2,15,0,15,0 2,15,0,15,0 2,15,0,15,0 2,15,0,15,0 2,15,0,15,0 2,15,0,15,0 2,15,0,15,0 2,15,0,15,0 2,15,0,15,0 2,15,0,1,0 2,15,0,1,0 2,15,0,1,0 1,15,0,15,0 1,15,0,15,0 1,15,0,15,0 1,15,0,15,0 2,15,0,15,0 
2,15,0,15,0 1,15,0,15,0 1,15,0,15,0 1,15,0,15,0 1,15,0,15,0 1,15,0,15,0 1,15,0,15,0 1,15,0,15,0 2,15,18,1,0 2,15,0,15,0 1,15,0,15,0 1,15,0,15,0 1,15,0,15,0 1,15,0,15,0 1,15,0,15,0 1,15,0,15,0 1,15,0,15,0 1,15,0,15,0 1,15,0,15,0 1,15,0,15,0 1,15,0,15,0 1,15,0,15,0 1,15,0,15,0 1,15,0,15,0 2,15,0,15,0 
2,15,0,15,0 1,15,0,15,0 2,15,2,9,0 1,15,0,15,0 1,15,0,15,0 1,15,0,15,0 1,15,0,15,0 1,15,0,15,0 1,15,0,15,0 2,15,0,15,0 1,15,0,15,0 1,15,0,15,0 1,15,0,15,0 1,15,0,15,0 1,15,0,15,0 1,15,0,15,0 1,15,0,15,0 1,15,0,15,0 1,15,0,15,0 1,15,0,15,0 1,15,0,15,0 1,15,0,15,0 1,15,0,15,0 1,15,0,15,0 2,15,0,15,0 
2,15,0,15,0 1,15,0,15,0 2,15,2,9,0 1,15,0,15,0 1,15,0,15,0 1,15,0,15,0 1,15,0,15,0 1,15,0,15,0 1,15,0,15,0 2,15,0,15,0 1,15,0,15,0 1,15,0,15,0 1,15,0,15,0 1,15,0,15,0 1,15,0,15,0 1,15,0,15,0 1,15,0,15,0 1,15,0,15,0 1,15,0,15,0 1,15,0,15,0 1,15,0,15,0 1,15,0,15,0 1,15,0,15,0 1,15,0,15,0 2,15,0,15,0 
2,15,0,15,0 1,15,0,15,0 2,15,2,9,0 1,15,0,4,0 1,15,0,4,0 1,15,0,4,0 1,15,0,4,0 1,15,0,4,0 1,15,0,15,0 2,15,0,15,0 1,15,0,15,0 1,15,0,15,0 1,15,0,15,0 1,15,0,15,0 1,15,0,15,0 1,15,0,15,0 1,15,0,15,0 1,15,0,15,0 1,15,0,15,0 1,15,0,15,0 1,15,0,15,0 1,15,0,15,0 1,15,0,15,0 1,15,0,15,0 2,15,0,15,0 
2,15,0,15,0 1,15,0,15,0 2,15,2,9,0 1,15,0,4,0 1,15,0,7,0 2,15,2,7,0 2,15,2,7,0 1,15,0,15,0 1,15,0,15,0 2,15,0,15,0 1,15,0,15,0 1,15,0,15,0 1,15,0,15,0 1,15,0,15,0 1,15,0,15,0 1,15,0,15,0 1,15,0,15,0 1,15,0,15,0 1,15,0,15,0 1,15,0,15,0 1,15,0,15,0 1,15,0,15,0 1,15,0,15,0 1,15,0,15,0 2,15,0,15,0 
2,15,0,15,0 1,15,0,15,0 2,15,2,9,0 1,15,0,4,0 2,15,2,3,0 2,15,2,7,0 2,15,2,7,0 2,15,2,3,0 1,15,0,15,0 2,15,0,15,0 1,15,0,15,0 1,15,0,15,0 1,15,0,15,0 1,15,0,15,0 1,15,0,15,0 1,15,0,15,0 1,15,0,15,0 1,15,0,15,0 1,15,0,15,0 1,15,0,15,0 1,15,0,15,1 1,15,0,15,0 1,15,0,15,0 2,15,0,15,0 2,15,0,15,0 
2,15,0,15,0 1,15,0,15,0 2,15,2,9,0 1,15,0,4,0 1,15,0,7,0 2,15,2,7,0 2,15,2,7,0 1,15,0,15,0 1,15,0,15,0 2,15,0,15,0 1,15,0,15,0 1,15,0,15,0 1,15,0,15,0 1,15,0,15,0 1,15,0,15,0 1,15,0,15,0 1,15,0,15,0 1,15,0,15,0 1,15,0,15,0 1,15,0,15,0 1,15,0,15,0 1,15,0,15,0 1,15,0,15,0 1,15,0,15,0 2,15,0,15,0 
2,15,0,15,0 1,15,0,15,0 2,15,2,9,0 1,15,0,4,0 2,15,2,3,0 2,15,2,7,0 2,15,2,7,0 2,15,2,3,0 1,15,0,15,0 2,15,0,15,0 1,15,0,15,0 1,15,0,15,0 1,15,0,15,0 1,15,0,15,0 1,15,0,15,0 1,15,0,15,0 1,15,0,15,0 1,15,0,15,0 1,15,0,15,0 1,15,0,15,0 1,15,0,15,0 1,15,0,15,0 1,15,0,15,0 1,15,0,15,0 2,15,0,15,0 
2,15,0,15,0 1,15,0,15,0 2,15,2,9,0 1,15,0,4,0 1,15,0,7,0 2,15,2,7,0 2,15,2,7,0 1,15,0,15,0 1,15,0,15,0 2,15,0,15,0 1,15,0,15,0 1,15,0,15,0 1,15,0,15,0 1,15,0,15,0 1,15,0,15,0 1,15,0,15,0 1,15,0,15,0 1,15,0,15,0 1,15,0,15,0 1,15,0,15,0 1,15,0,15,0 1,15,0,15,0 1,15,0,15,0 1,15,0,15,0 2,15,0,15,0 
2,15,0,15,0 1,15,0,15,0 2,15,2,9,0 1,15,0,4,0 2,15,2,3,0 2,15,2,7,0 2,15,2,7,0 2,15,2,3,0 1,15,0,15,0 2,15,0,15,0 1,15,0,15,0 1,15,0,15,0 1,15,0,15,0 1,15,0,15,0 1,15,0,15,0 1,15,0,15,0 1,15,0,15,0 1,15,0,15,0 1,15,0,15,0 1,15,0,15,0 1,15,0,15,0 1,15,0,15,0 1,15,0,15,0 1,15,0,15,0 2,15,0,15,0 
2,15,0,15,0 1,15,0,15,0 2,15,0,15,0 2,15,16,1,0 1,15,0,4,0 1,15,0,15,0 1,15,0,4,0 1,15,0,15,0 2,15,17,1,0 2,15,0,15,0 2,15,0,15,0 2,15,0,15,0 2,15,0,15,0 2,15,0,15,0 2,15,0,15,0 2,15,0,15,0 2,15,0,15,0 2,15,0,15,0 2,15,0,15,0 2,15,0,15,0 2,15,0,15,0 2,15,0,15,0 2,15,0,15,0 2,15,0,15,0 2,15,0,15,0 
2,15,0,15,0 2,15,8,15,0 2,15,0,15,0 2,15,0,15,0 2,15,0,15,0 2,15,0,15,0 2,15,0,15,0 2,15,0,15,0 2,15,0,15,0 2,15,0,15,0 2,15,0,15,0 2,15,0,15,0 2,15,0,15,0 2,15,0,15,0 2,15,0,15,0 2,15,0,15,0 2,15,0,15,0 2,15,0,15,0 2,15,0,15,0 2,15,0,15,0 2,15,0,15,0 2,15,0,15,0 2,15,0,15,0 2,15,0,15,0 2,15,0,15,0 
2,15,0,15,0 2,15,0,15,0 2,15,0,15,0 2,15,0,15,0 2,15,0,15,0 2,15,0,15,0 2,15,0,15,0 2,15,0,15,0 2,15,0,15,0 2,15,0,15,0 2,15,0,15,0 2,15,0,15,0 2,15,0,15,0 2,15,0,15,0 2,15,0,15,0 2,15,0,15,0 2,15,0,15,0 2,15,0,15,0 2,15,0,15,0 2,15,0,15,0 2,15,0,15,0 2,15,0,15,0 2,15,0,15,0 2,15,0,15,0 2,15,0,15,0 
z
2,15,0,15,0 2,15,0,15,0 2,15,0,15,0 2,15,0,15,0 2,15,0,15,0 2,15,0,15,0 2,15,0,15,0 2,15,0,15,0 2,15,0,15,0 2,15,0,15,0 2,15,0,15,0 2,15,0,15,0 2,15,0,15,0 2,15,0,15,0 2,15,0,15,0 2,15,0,15,0 2,15,0,15,0 2,15,0,15,0 2,15,0,15,0 2,15,0,15,0 2,15,0,15,0 2,15,0,15,0 2,15,0,15,0 2,15,0,15,0 2,15,0,15,0 
2,15,0,15,0 2,15,0,1,0 2,15,0,1,0 2,15,0,1,0 2,15,0,1,0 2,15,0,1,0 2,15,0,1,0 2,15,0,1,0 2,15,0,1,0 2,15,0,1,0 2,15,0,1,0 2,0,0,15,0 2,15,0,1,0 2,15,0,1,0 2,0,0,15,0 2,0,0,15,0 2,0,0,15,0 2,0,0,15,0 2,0,0,15,0 2,0,0,15,0 2,0,0,15,0 2,0,0,15,0 2,0,0,15,0 2,0,0,15,0 2,15,0,15,0 
2,15,0,15,0 2,15,0,1,0 2,15,0,1,0 2,15,0,1,0 2,15,0,1,0 2,15,0,1,0 2,15,0,1,0 2,15,0,1,0 2,15,0,1,0 2,15,0,1,0 2,15,0,1,0 2,15,0,1,0 2,15,0,1,0 2,15,0,1,0 2,15,0,1,0 2,15,0,1,0 2,15,0,1,0 2,0,0,15,0 2,0,0,15,0 2,0,0,15,0 2,0,0,15,0 2,0,0,15,0 2,0,0,15,0 2,0,0,15,0 2,15,0,15,0 
2,15,0,15,0 2,15,0,1,0 2,15,0,1,0 2,15,0,1,0 2,15,0,1,0 2,15,0,1,0 2,15,0,1,0 2,15,0,1,0 2,15,0,1,0 2,15,0,1,0 2,15,0,1,0 2,15,0,1,0 2,15,0,1,0 2,15,0,1,0 2,15,0,1,0 2,0,0,15,0 2,0,0,15,0 2,0,0,15,0 2,0,0,15,0 2,0,0,15,0 2,0,0,15,0 2,0,0,15,0 2,0,0,15,0 2,0,0,15,0 2,15,0,15,0 
2,15,0,15,0 2,15,0,1,0 2,15,0,1,0 2,15,0,1,0 2,15,0,1,0 2,15,0,1,0 2,15,0,1,0 2,15,0,1,0 2,15,0,1,0 2,15,0,1,0 2,15,0,1,0 2,15,0,1,0 2,15,0,1,0 2,15,0,1,0 2,0,0,15,0 2,15,0,1,0 2,15,0,1,0 2,0,0,15,0 2,0,0,15,0 2,0,0,15,0 2,0,0,15,0 2,0,0,15,0 2,0,0,15,0 2,0,0,15,0 2,15,0,15,0 
2,15,0,15,0 2,15,0,1,0 2,15,0,1,0 2,15,0,1,0 2,15,0,1,0 2,15,0,1,0 2,15,0,1,0 2,15,0,1,0 2,15,0,1,0 2,15,0,1,0 2,15,0,1,0 2,15,0,1,0 2,15,0,1,0 2,15,0,1,0 2,15,0,1,0 2,15,0,1,0 2,0,0,15,0 2,0,0,15,0 2,0,0,15,0 2,0,0,15,0 2,0,0,15,0 2,0,0,15,0 2,0,0,15,0 2,0,0,15,0 2,15,0,15,0 
2,15,0,15,0 2,15,0,1,0 2,15,0,1,0 2,15,0,1,0 2,15,0,1,0 2,15,0,1,0 2,15,0,1,0 2,15,0,1,0 2,15,0,1,0 2,15,0,1,0 2,15,0,1,0 2,15,0,1,0 2,15,0,1,0 2,15,0,1,0 2,15,0,1,0 2,15,0,1,0 2,0,0,15,0 2,0,0,15,0 2,0,0,15,0 2,0,0,15,0 2,0,0,15,0 2,0,0,15,0 2,0,0,15,0 2,0,0,15,0 2,15,0,15,0 
2,15,0,15,0 2,15,0,1,0 2,15,0,1,0 2,15,0,1,0 2,15,0,1,0 2,15,0,1,0 2,15,0,1,0 2,15,0,1,0 2,15,0,1,0 2,15,0,1,0 2,15,0,1,0 2,15,0,1,0 2,15,0,1,0 2,0,0,15,0 2,0,0,15,0 2,15,0,1,0 2,15,0,1,0 2,15,0,1,0 2,0,0,15,0 2,0,0,15,0 2,0,0,15,0 2,0,0,15,0 2,0,0,15,0 2,0,0,15,0 2,15,0,15,0 
2,15,0,15,0 2,0,0,15,0 2,0,0,15,0 2,15,0,1,0 2,15,0,1,0 2,15,0,1,0 2,15,0,1,0 2,0,0,15,0 2,15,0,1,0 2,15,0,1,0 2,15,0,1,0 2,0,0,15,0 2,0,0,15,0 2,15,0,1,0 2,15,0,1,0 2,15,0,1,0 2,15,0,1,0 2,0,0,15,0 2,0,0,15,0 2,0,0,15,0 2,0,0,15,0 2,0,0,15,0 2,0,0,15,0 2,0,0,15,0 2,15,0,15,0 
2,15,0,15,0 2,0,0,15,0 2,15,0,1,0 2,15,0,1,0 2,15,0,1,0 2,15,0,1,0 2,0,0,15,0 2,15,0,1,0 2,15,0,1,0 2,0,0,15,0 2,15,0,1,0 2,15,0,1,0 2,15,0,1,0 2,15,0,1,0 2,15,0,1,0 2,0,0,15,0 2,0,0,15,0 2,0,0,15,0 2,0,0,15,0 2,0,0,15,0 2,0,0,15,0 2,0,0,15,0 2,0,0,15,0 2,0,0,15,0 2,15,0,15,0 
2,15,0,15,0 2,0,0,15,0 2,0,0,15,0 2,0,0,15,0 2,0,0,15,0 2,0,0,15,0 2,0,0,15,0 2,15,0,1,0 2,0,0,15,0 2,15,0,1,0 2,15,0,1,0 2,15,0,1,0 2,15,0,1,0 2,15,0,1,0 2,0,0,15,0 2,0,0,15,0 2,0,0,15,0 2,15,0,1,0 2,0,0,15,0 2,0,0,15,0 2,0,0,15,0 2,0,0,15,0 2,0,0,15,0 2,0,0,15,0 2,15,0,15,0 
2,15,0,15,0 2,0,0,15,0 2,0,0,15,0 2,0,0,15,0 2,0,0,15,0 2,0,0,15,0 2,15,0,1,0 2,0,0,15,0 2,15,0,1,0 2,0,0,15,0 2,15,0,1,0 2,0,0,15,0 2,0,0,15,0 2,0,0,15,0 2,0,0,15,0 2,15,0,1,0 2,15,0,1,0 2,0,0,15,0 2,0,0,15,0 2,0,0,15,0 2,0,0,15,0 2,0,0,15,0 2,0,0,15,0 2,0,0,15,0 2,15,0,15,0 
2,15,0,15,0 2,15,1,15,0 2,0,0,15,0 2,0,0,15,0 2,15,0,1,0 2,0,0,15,0 2,15,0,1,0 2,15,0,1,0 2,15,0,1,0 2,15,0,1,0 2,0,0,15,0 2,15,0,1,0 2,15,0,1,0 2,15,0,1,0 2,15,0,1,0 2,0,0,15,0 2,0,0,15,0 2,0,0,15,0 2,0,0,15,0 2,0,0,15,0 2,0,0,15,0 2,0,0,15,0 2,0,0,15,0 2,0,0,15,0 2,15,0,15,0 
2,15,0,15,0 2,15,2,14,0 2,0,0,15,0 2,15,0,1,0 2,15,0,1,0 2,0,0,15,0 2,15,0,1,0 2,0,0,15,0 2,15,0,1,0 2,15,0,1,0 2,0,0,15,0 2,15,0,1,0 2,15,0,1,0 2,0,0,15,0 2,0,0,15,0 2,0,0,15,0 2,0,0,15,0 2,0,0,15,0 2,0,0,15,0 2,0,0,15,0 2,0,0,15,0 2,0,0,15,0 2,0,0,15,0 2,0,0,15,0 2,15,0,15,0 
2,15,0,15,0 2,15,2,13,0 2,0,0,15,0 2,15,0,1,0 2,0,0,15,0 2,0,0,15,0 2,0,0,15,0 2,15,0,1,0 2,15,0,1,0 2,0,0,15,0 2,15,0,1,0 2,15,0,1,0 2,15,0,1,0 2,0,0,15,0 2,0,0,15,0 2,0,0,15,0 2,0,0,15,0 2,0,0,15,0 2,0,0,15,0 2,0,0,15,0 2,0,0,15,0 2,0,0,15,0 2,0,0,15,0 2,0,0,15,0 2,15,0,15,0 
2,15,0,15,0 2,15,2,12,0 2,0,0,15,0 2,0,0,15,0 2,0,0,15,0 2,0,0,15,0 2,15,0,1,0 2,15,0,1,0 2,15,0,1,0 2,15,0,1,0 2,15,0,1,0 2,0,0,15,0 2,0,0,15,0 2,15,0,1,0 2,15,0,1,0 2,0,0,15,0 2,0,0,15,0 2,0,0,15,0 2,0,0,15,0 2,0,0,15,0 2,0,0,15,0 2,0,0,15,0 2,0,0,15,0 2,15,0,1,0 2,15,0,15,0 
2,15,0,15,0 2,15,2,11,0 2,0,0,15,0 2,0,0,15,0 2,15,0,1,0 2,15,0,1,0 2,15,0,1,0 2,0,0,15,0 2,0,0,15,0 2,15,0,1,0 2,0,0,15,0 2,15,0,1,0 2,15,0,1,0 2,15,0,1,0 2,15,0,1,0 2,0,0,15,0 2,15,0,1,0 2,15,0,1,0 2,0,0,15,0 2,0,0,15,0 2,0,0,15,0 2,0,0,15,0 2,0,0,15,0 2,0,0,15,0 2,15,0,15,0 
2,15,0,15,0 2,15,2,10,0 2,0,0,15,0 2,0,0,15,0 2,0,0,15,0 2,0,0,15,0 2,0,0,15,0 2,15,0,1,0 2,15,0,1,0 2,15,0,1,0 2,15,0,1,0 2,0,0,15,0 2,15,0,1,0 2,15,0,1,0 2,15,0,1,0 2,15,0,1,0 2,15,0,1,0 2,0,0,15,0 2,0,0,15,0 2,0,0,15,0 2,0,0,15,0 2,0,0,15,0 2,0,0,15,0 2,0,0,15,0 2,15,0,15,0 
2,15,0,15,0 2,15,2,9,0 2,0,0,15,0 2,0,0,15,0 2,0,0,15,0 2,0,0,15,0 2,15,0,1,0 2,15,0,1,0 2,0,0,15,0 2,0,0,15,0 2,0,0,15,0 2,15,0,1,0 2,15,0,1,0 2,15,0,1,0 2,15,0,1,0 2,0,0,15,0 2,0,0,15,0 2,0,0,15,0 2,0,0,15,0 2,0,0,15,0 2,0,0,15,0 2,0,0,15,0 2,0,0,15,0 2,0,0,15,0 2,15,0,15,0 
2,15,0,15,0 2,15,2,8,0 2,0,0,15,0 2,0,0,15,0 2,0,0,15,0 2,0,0,15,0 2,0,0,15,0 2,0,0,15,0 2,0,0,15,0 2,15,0,1,0 2,15,0,1,0 2,15,0,1,0 2,15,0,1,0 2,15,0,1,0 2,0,0,15,0 2,0,0,15,0 2,0,0,15,0 2,0,0,15,0 2,0,0,15,0 2,0,0,15,0 2,0,0,15,0 2,0,0,15,0 2,0,0,15,0 2,0,0,15,0 2,15,0,15,0 
2,15,0,15,0 2,15,2,7,0 2,0,0,15,0 2,0,0,15,0 2,0,0,15,0 2,0,0,15,0 2,0,0,15,0 2,15,0,1,0 2,15,0,1,0 2,15,0,1,0 2,15,0,1,0 2,0,0,15,0 2,0,0,15,0 2,0,0,15,0 2,0,0,15,0 2,0,0,15,0 2,0,0,15,0 2,0,0,15,0 2,0,0,15,0 2,0,0,15,0 2,0,0,15,0 2,0,0,15,0 2,0,0,15,0 2,0,0,15,0 2,15,0,15,0 
2,15,0,15,0 2,15,2,6,0 2,0,0,15,0 2,0,0,15,0 2,0,0,15,0 2,15,0,1,0 2,15,0,1,0 2,15,0,1,0 2,0,0,15,0 2,0,0,15,0 2,0,0,15,0 2,0,0,15,0 2,0,0,15,0 2,0,0,15,0 2,0,0,15,0 2,0,0,15,0 2,0,0,15,0 2,0,0,15,0 2,0,0,15,0 2,0,0,15,0 2,0,0,15,0 2,0,0,15,0 2,0,0,15,0 2,0,0,15,0 2,15,0,15,0 
2,15,0,15,0 2,15,2,5,0 2,0,0,15,0 2,0,0,15,0 2,0,0,15,0 2,15,0,1,0 2,15,0,1,0 2,15,0,1,0 2,15,0,1,0 2,15,0,1,0 2,15,0,1,0 2,15,0,1,0 2,15,0,1,0 2,15,0,1,0 2,15,0,1,0 2,15,0,1,0 2,15,0,1,0 2,15,0,1,0 2,15,0,1,0 2,15,0,1,0 2,15,0,15,0 2,15,0,15,0 2,15,0,15,0 2,15,0,15,0 2,15,0,15,0 
2,15,0,15,0 2,15,2,4,0 2,15,2,3,0 2,15,2,2,0 2,15,2,1,0 1,15,0,15,0 1,15,0,15,0 1,15,0,15,0 1,15,0,15,0 1,15,0,15,0 1,15,0,15,0 1,15,0,15,0 1,15,0,15,0 1,15,0,15,0 1,15,0,15,0 1,15,0,15,0 1,15,0,15,0 1,15,0,15,0 2,15,10,1,0 2,15,0,1,0 2,15,0,15,0 2,15,0,15,0 2,15,0,15,0 2,15,0,15,0 2,15,0,15,0 
2,15,0,15,0 2,15,0,15,0 2,15,0,15,0 2,15,0,15,0 2,15,0,15,0 2,15,0,15,0 2,15,0,15,0 2,15,0,15,0 2,15,0,15,0 2,15,0,15,0 2,15,0,15,0 2,15,0,15,0 2,15,0,15,0 2,15,0,15,0 2,15,0,15,0 2,15,0,15,0 2,15,0,15,0 2,15,0,15,0 2,15,0,15,0 2,15,0,15,0 2,15,0,15,0 2,15,0,15,0 2,15,0,15,0 2,15,0,15,0 2,15,0,15,0 
z
2,15,0,15,0 2,15,0,15,0 2,15,0,15,0 2,15,0,15,0 2,15,0,15,0 2,15,0,15,0 2,15,0,15,0 2,15,0,15,0 2,15,0,15,0 2,15,0,15,0 2,15,0,15,0 2,15,0,15,0 2,15,0,15,0 2,15,0,15,0 2,15,0,15,0 2,15,0,15,0 2,15,0,15,0 2,15,0,15,0 2,15,0,15,0 2,15,0,15,0 2,15,0,15,0 2,15,0,15,0 2,15,0,15,0 2,15,0,15,0 2,15,0,15,0 
2,15,0,15,0 2,15,0,15,0 1,15,0,15,0 1,15,0,15,0 1,15,0,15,0 2,15,0,15,0 1,15,0,15,0 1,15,0,15,0 3,15,0,15,0 2,15,0,15,0 1,3,0,15,0 2,15,0,15,0 1,15,0,15,0 1,15,0,15,0 1,15,0,15,0 2,15,0,15,0 1,15,0,15,0 1,15,0,1,0 1,15,0,1,0 1,15,0,1,0 1,15,0,1,0 1,15,0,1,0 1,15,0,1,0 1,15,0,1,0 2,15,0,15,0 
2,15,0,15,0 2,3,0,15,1 1,15,0,15,0 1,15,0,15,0 1,15,0,15,0 2,3,0,15,1 5,15,5,15,5 2,3,0,15,1 2,3,0,15,1 6,15,0,15,0 6,15,0,15,0 6,15,0,15,0 1,15,0,15,0 1,15,0,5,0 1,15,0,15,0 2,15,0,15,0 1,15,0,15,0 1,15,0,1,0 1,15,0,15,0 1,15,0,15,0 1,15,0,15,0 1,15,0,15,0 1,15,0,15,0 1,15,0,1,0 2,15,0,15,0 
2,15,0,15,0 1,3,0,15,1 1,15,0,15,0 1,15,0,15,0 1,15,0,15,0 1,6,0,15,0 1,6,0,15,0 1,6,0,15,0 4,3,2,14,0 6,15,0,15,0 6,15,0,15,0 1,15,0,15,0 1,15,0,15,0 1,15,0,15,0 1,15,0,15,0 2,15,0,15,0 1,15,0,15,0 1,15,0,1,0 1,15,0,15,0 1,15,0,15,0 1,15,0,15,0 1,15,0,15,0 1,15,0,15,0 1,15,0,1,0 2,15,0,15,0 
2,15,0,15,0 1,3,0,15,1 1,15,0,15,0 1,15,0,15,0 1,15,0,15,0 1,6,0,15,0 1,15,0,15,0 1,6,0,15,0 5,15,3,15,5 1,15,0,15,0 1,15,0,15,0 1,15,0,15,0 6,15,0,15,0 1,15,0,15,0 1,15,0,15,0 2,15,0,15,0 1,15,0,15,0 1,15,0,1,0 1,15,0,15,0 1,15,0,15,0 1,15,0,15,0 1,15,0,15,0 1,15,0,15,0 1,15,0,1,0 2,15,0,15,0 
2,15,0,15,0 1,3,0,15,1 1,3,0,15,1 1,3,0,15,1 2,6,0,15,0 1,6,0,15,0 1,6,0,15,0 1,6,0,15,0 2,3,0,15,1 1,15,0,15,0 6,15,0,15,0 2,15,0,15,0 2,15,0,15,0 1,15,0,15,0 1,15,0,15,0 2,15,0,15,0 1,15,0,15,0 1,15,0,1,0 1,15,0,15,0 1,15,0,15,0 1,15,0,15,0 1,15,0,15,0 1,15,0,15,0 1,15,0,1,0 2,15,0,15,0 
2,15,0,15,0 2,3,0,15,1 2,3,0,15,1 2,3,0,15,1 2,3,0,15,1 2,15,0,1,0 5,15,5,15,5 2,3,4,1,1 2,3,0,15,1 1,15,0,15,0 1,15,0,15,0 3,15,0,15,0 2,15,0,15,0 2,15,0,15,0 2,15,0,15,0 2,15,0,15,0 2,15,0,15,0 2,15,0,15,0 2,15,0,15,0 2,15,0,15,0 2,15,0,15,0 2,15,15,15,0 2,15,17,15,0 2,15,0,15,0 2,15,0,15,0 
2,15,0,15,0 2,0,0,15,0 2,0,0,15,0 2,0,0,15,0 2,0,0,15,0 2,0,0,15,0 2,0,0,15,0 2,0,0,15,0 2,0,0,15,0 2,0,0,15,0 2,0,0,15,0 2,0,0,15,0 2,0,0,15,0 2,0,0,15,0 2,0,0,15,0 2,0,0,15,0 2,0,0,15,0 2,0,0,15,0 2,0,0,15,0 2,0,0,15,0 2,15,0,15,0 1,15,0,15,0 1,15,0,15,0 2,15,0,15,0 2,15,0,15,0 
2,15,0,15,0 2,0,0,15,0 2,0,0,15,0 2,0,0,15,0 2,0,0,15,0 2,0,0,15,0 2,0,0,15,0 2,0,0,15,0 2,0,0,15,0 2,0,0,15,0 2,0,0,15,0 2,0,0,15,0 2,0,0,15,0 2,0,0,15,0 2,0,0,15,0 2,0,0,15,0 2,0,0,15,0 2,0,0,15,0 2,0,0,15,0 2,0,0,15,0 2,15,0,15,0 1,15,0,15,0 1,15,0,15,0 2,15,0,15,0 2,15,0,15,0 
2,15,0,15,0 2,0,0,15,0 2,0,0,15,0 2,0,0,15,0 2,0,0,15,0 2,0,0,15,0 2,0,0,15,0 2,0,0,15,0 2,0,0,15,0 2,0,0,15,0 2,0,0,15,0 2,0,0,15,0 2,0,0,15,0 2,0,0,15,0 2,0,0,15,0 2,0,0,15,0 2,0,0,15,0 2,0,0,15,0 2,0,0,15,0 2,0,0,15,0 2,15,0,15,0 1,15,0,15,0 1,15,0,15,0 2,15,0,15,0 2,15,0,15,0 
2,15,0,15,0 2,0,0,15,0 2,0,0,15,0 2,0,0,15,0 2,0,0,15,0 2,0,0,15,0 2,0,0,15,0 2,0,0,15,0 2,0,0,15,0 2,0,0,15,0 2,0,0,15,0 2,0,0,15,0 2,0,0,15,0 2,0,0,15,0 2,0,0,15,0 2,0,0,15,0 2,0,0,15,0 2,0,0,15,0 2,0,0,15,0 2,0,0,15,0 2,15,0,15,0 1,15,0,15,0 1,15,0,15,0 2,15,0,15,0 2,15,0,15,0 
2,15,0,15,0 2,0,0,15,0 2,0,0,15,0 2,0,0,15,0 2,0,0,15,0 2,0,0,15,0 2,0,0,15,0 2,0,0,15,0 2,0,0,15,0 2,0,0,15,0 2,0,0,15,0 2,0,0,15,0 2,0,0,15,0 2,0,0,15,0 2,0,0,15,0 2,0,0,15,0 2,0,0,15,0 2,0,0,15,0 2,0,0,15,0 2,0,0,15,0 2,15,0,15,0 1,15,0,15,0 1,15,0,15,0 2,15,0,15,0 2,15,0,15,0 
2,15,0,15,0 2,0,0,15,0 2,0,0,15,0 2,0,0,15,0 2,0,0,15,0 2,0,0,15,0 2,0,0,15,0 2,0,0,15,0 2,0,0,15,0 2,0,0,15,0 2,0,0,15,0 2,0,0,15,0 2,0,0,15,0 2,0,0,15,0 2,0,0,15,0 2,0,0,15,0 2,0,0,15,0 2,0,0,15,0 2,0,0,15,0 2,0,0,15,0 2,15,0,15,0 1,15,0,15,0 1,15,0,15,0 2,15,0,15,0 2,15,0,15,0 
2,15,0,15,0 2,0,0,15,0 2,0,0,15,0 2,0,0,15,0 2,0,0,15,0 2,0,0,15,0 2,0,0,15,0 2,0,0,15,0 2,0,0,15,0 2,0,0,15,0 2,15,0,15,0 2,15,0,15,0 4,15,0,1,0 2,15,0,15,0 4,15,0,1,0 2,15,0,15,0 2,15,0,15,0 2,15,0,15,0 2,15,0,15,0 2,15,0,15,0 2,15,0,15,0 1,15,0,15,0 1,15,0,15,0 2,15,0,15,0 2,15,0,15,0 
2,15,0,15,0 2,0,0,15,0 2,0,0,15,0 2,0,0,15,0 2,0,0,15,0 2,0,0,15,0 1,15,0,15,0 1,15,0,15,0 1,15,0,15,0 1,15,0,15,0 1,15,0,1,0 1,15,0,15,0 1,15,0,15,0 1,15,0,15,0 1,15,0,15,0 1,15,0,15,0 1,15,0,15,0 1,15,0,15,0 1,15,0,15,0 1,15,0,15,0 1,15,0,15,0 1,15,0,15,0 1,15,0,15,0 2,15,0,15,0 2,15,0,15,0 
2,15,0,15,0 2,0,0,15,0 2,0,0,15,0 2,0,0,15,0 2,0,0,15,0 2,0,0,15,0 1,15,0,15,0 1,15,0,15,0 1,15,0,15,0 1,15,0,15,0 1,15,0,1,0 1,15,0,15,0 1,15,0,15,0 1,15,0,15,0 1,15,0,15,0 1,15,0,15,0 1,15,0,15,0 1,15,0,15,0 1,15,0,15,0 1,15,0,15,0 1,15,0,15,0 1,15,0,15,0 1,15,0,15,0 2,15,0,15,0 2,15,0,15,0 
2,15,0,15,0 2,0,0,15,0 2,0,0,15,0 2,0,0,15,0 2,0,0,15,0 2,0,0,15,0 2,0,0,15,0 2,0,0,15,0 2,0,0,15,0 2,0,0,15,0 2,15,0,15,0 2,15,0,15,0 2,15,0,15,0 2,15,0,15,0 2,15,0,15,0 2,15,0,15,0 2,15,0,15,0 2,15,0,15,0 2,15,0,15,0 2,15,0,15,0 2,15,0,15,0 1,15,0,15,0 1,15,0,15,0 2,15,0,15,0 2,15,0,15,0 
2,15,0,15,0 2,0,0,15,0 2,0,0,15,0 2,0,0,15,0 2,0,0,15,0 2,0,0,15,0 2,0,0,15,0 2,0,0,15,0 2,0,0,15,0 2,0,0,15,0 2,0,0,15,0 2,0,0,15,0 2,0,0,15,0 2,0,0,15,0 2,0,0,15,0 2,0,0,15,0 2,0,0,15,0 2,0,0,15,0 2,0,0,15,0 2,0,0,15,0 2,15,0,15,0 1,15,0,15,0 1,15,0,15,0 2,15,0,15,0 2,15,0,15,0 
2,15,0,15,0 2,0,0,15,0 2,0,0,15,0 2,0,0,15,0 2,0,0,15,0 2,0,0,15,0 2,0,0,15,0 2,0,0,15,0 2,0,0,15,0 2,0,0,15,0 2,0,0,15,0 2,0,0,15,0 2,0,0,15,0 2,0,0,15,0 2,0,0,15,0 2,0,0,15,0 2,0,0,15,0 2,0,0,15,0 2,0,0,15,0 2,0,0,15,0 2,15,0,15,0 1,15,0,15,0 1,15,0,15,0 2,15,0,15,0 2,15,0,15,0 
2,15,0,15,0 2,0,0,15,0 2,0,0,15,0 2,0,0,15,0 2,0,0,15,0 2,0,0,15,0 2,0,0,15,0 2,0,0,15,0 2,0,0,15,0 2,0,0,15,0 2,0,0,15,0 2,0,0,15,0 2,0,0,15,0 2,0,0,15,0 2,0,0,15,0 2,0,0,15,0 2,0,0,15,0 2,0,0,15,0 2,15,0,15,0 2,15,0,15,0 2,15,0,15,0 1,15,0,15,0 1,15,0,15,0 2,15,0,15,0 2,15,0,15,0 
2,15,0,15,0 2,0,0,15,0 2,0,0,15,0 2,0,0,15,0 2,0,0,15,0 2,0,0,15,0 2,0,0,15,0 2,0,0,15,0 2,0,0,15,0 2,0,0,15,0 2,0,0,15,0 2,0,0,15,0 2,0,0,15,0 2,0,0,15,0 2,0,0,15,0 2,0,0,15,0 2,0,0,15,0 2,0,0,15,0 2,0,0,15,0 2,15,0,1,0 2,15,15,1,0 1,15,0,15,0 1,15,0,15,0 1,15,0,15,0 2,15,0,15,0 
2,15,0,15,0 2,0,0,15,0 2,0,0,15,0 2,0,0,15,0 2,0,0,15,0 2,0,0,15,0 2,0,0,15,0 2,0,0,15,0 2,0,0,15,0 2,0,0,15,0 2,0,0,15,0 2,0,0,15,0 2,0,0,15,0 2,0,0,15,0 2,0,0,15,0 2,0,0,15,0 2,0,0,15,0 2,0,0,15,0 2,15,0,1,3 2,15,15,1,0 1,15,0,15,0 1,15,0,15,0 1,15,0,15,0 1,15,0,15,0 2,15,0,15,0 
2,15,0,15,0 2,0,0,15,0 2,0,0,15,0 2,0,0,15,0 2,0,0,15,0 2,0,0,15,0 2,0,0,15,0 2,0,0,15,0 2,0,0,15,0 2,0,0,15,0 2,0,0,15,0 2,0,0,15,0 2,0,0,15,0 2,0,0,15,0 2,0,0,15,0 2,0,0,15,0 2,0,0,15,0 2,0,0,15,0 2,0,0,15,0 1,15,0,15,0 1,15,0,15,0 1,15,0,15,0 1,15,0,15,0 1,15,0,15,0 2,15,0,15,0 
2,15,0,15,0 2,0,0,15,0 2,0,0,15,0 2,0,0,15,0 2,0,0,15,0 2,15,2,14,0 2,15,2,13,0 2,15,2,12,0 2,15,2,11,0 2,15,2,10,0 2,15,2,9,0 2,15,2,8,0 2,15,2,7,0 2,15,2,6,0 2,15,2,5,0 2,15,2,4,0 2,15,2,3,0 2,15,2,2,0 2,15,2,1,0 1,15,0,1,0 1,15,0,15,0 1,15,0,15,0 1,15,0,15,0 1,15,0,15,0 2,15,0,15,0 
2,15,0,15,0 2,15,0,15,0 2,15,0,15,0 2,15,0,15,0 2,15,0,15,0 2,15,0,15,0 2,15,0,15,0 2,15,0,15,0 2,15,0,15,0 2,15,0,15,0 2,15,0,15,0 2,15,0,15,0 2,15,0,15,0 2,15,0,15,0 2,15,0,15,0 2,15,0,15,0 2,15,0,15,0 2,15,0,15,0 2,15,0,15,0 2,15,0,15,0 2,15,0,15,0 2,15,0,15,0 2,15,0,15,0 2,15,0,15,0 2,15,0,15,0 
z
2,15,0,15,0 2,15,0,15,0 2,15,0,15,0 2,15,0,15,0 2,15,0,15,0 2,15,0,15,0 2,15,0,15,0 2,15,0,15,0 2,15,0,15,0 2,15,0,15,0 2,15,0,15,0 2,15,0,15,0 2,15,0,15,0 2,15,0,15,0 2,15,0,15,0 2,15,0,15,0 2,15,0,15,0 2,15,0,15,0 2,15,0,15,0 2,15,0,15,0 2,15,0,15,0 2,15,0,15,0 2,15,0,15,0 2,15,0,15,0 2,15,0,15,0 
2,15,0,15,0 2,15,0,15,0 2,15,0,1,0 2,15,0,1,0 2,15,0,1,0 2,15,0,15,0 2,15,0,1,0 2,15,0,1,0 2,15,0,1,0 2,15,0,1,0 2,15,0,1,0 2,15,0,1,0 2,15,0,1,0 2,15,0,1,0 2,15,0,1,0 2,15,0,1,0 2,15,0,15,0 2,15,0,15,0 2,15,0,15,0 2,15,0,15,0 2,15,0,15,0 2,15,0,15,0 2,15,0,15,0 2,15,0,15,0 2,15,0,15,0 
2,15,0,15,0 2,15,0,1,0 2,15,0,1,0 2,15,0,1,0 2,15,0,1,0 2,3,0,15,1 2,15,0,1,0 2,3,0,15,1 2,15,0,1,0 2,15,0,1,0 2,15,0,1,0 2,15,0,1,0 2,15,0,1,0 2,15,0,1,0 2,15,0,1,0 2,15,0,15,0 2,15,0,15,0 2,15,0,15,0 2,15,0,15,0 2,15,0,15,0 2,15,0,15,0 2,15,0,15,0 2,15,0,15,0 2,15,0,15,0 2,15,0,15,0 
2,15,0,15,0 2,15,0,1,0 2,15,0,1,0 2,15,0,1,0 2,15,0,1,0 2,15,0,1,0 2,15,0,1,0 2,15,0,1,0 2,15,0,1,0 2,15,0,1,0 2,15,0,1,0 2,15,0,1,0 2,15,0,1,0 2,15,0,1,0 2,15,0,1,0 2,15,0,15,0 2,15,0,15,0 2,15,0,15,0 2,15,0,15,0 2,15,0,15,0 2,15,0,15,0 2,15,0,15,0 2,15,0,15,0 2,15,0,15,0 2,15,0,15,0 
2,15,0,15,0 2,15,0,1,0 2,15,0,1,0 2,15,0,1,0 2,15,0,1,0 2,15,0,1,0 2,15,0,1,0 2,15,0,1,0 2,15,0,1,0 2,15,0,1,0 2,15,0,1,0 2,15,0,1,0 2,15,0,1,0 2,15,0,1,0 2,15,0,1,0 2,15,0,15,0 2,15,0,15,0 2,15,0,15,0 2,15,0,15,0 2,15,0,15,0 2,15,0,15,0 2,15,0,15,0 2,15,0,15,0 2,15,0,15,0 2,15,0,15,0 
2,15,0,15,0 2,15,0,1,0 2,15,0,1,0 2,15,0,1,0 2,15,0,1,0 2,15,0,1,0 2,15,0,1,0 2,15,0,1,0 2,15,0,1,0 2,15,0,1,0 2,15,0,1,0 2,15,0,1,0 2,15,0,1,0 2,15,0,15,0 2,15,0,15,0 2,15,0,15,0 2,15,0,15,0 2,15,0,15,0 2,15,0,15,0 2,15,0,15,0 2,15,0,15,0 2,15,0,15,0 2,15,0,15,0 2,15,0,15,0 2,15,0,15,0 
2,15,0,15,0 2,3,0,15,1 2,15,0,1,0 2,15,0,1,0 2,15,0,1,0 2,15,0,1,0 2,15,0,1,0 2,15,0,1,0 2,15,0,1,0 2,15,0,1,0 2,15,0,1,0 2,15,0,1,0 2,15,0,15,0 2,15,0,15,0 2,15,0,15,0 2,15,0,15,0 2,15,0,15,0 2,15,0,15,0 2,15,0,15,0 2,15,0,15,0 2,15,0,15,0 2,15,0,15,0 2,15,0,15,0 2,15,0,15,0 2,15,0,15,0 
2,15,0,15,0 2,0,0,15,0 2,0,0,15,0 2,0,0,15,0 2,0,0,15,0 2,0,0,15,0 2,0,0,15,0 2,0,0,15,0 2,0,0,15,0 2,0,0,15,0 2,0,0,15,0 2,0,0,15,0 2,0,0,15,0 2,0,0,15,0 2,0,0,15,0 2,0,0,15,0 2,0,0,15,0 2,0,0,15,0 2,0,0,15,0 2,0,0,15,0 2,0,0,15,0 2,0,0,15,0 2,0,0,15,0 2,0,0,15,0 2,15,0,15,0 
2,15,0,15,0 2,15,0,1,0 2,15,0,1,0 2,15,0,1,0 2,15,0,1,0 2,15,0,1,0 2,0,0,15,0 2,0,0,15,0 2,0,0,15,0 2,0,0,15,0 2,0,0,15,0 2,0,0,15,0 2,0,0,15,0 2,0,0,15,0 2,0,0,15,0 2,0,0,15,0 2,15,0,1,0 2,0,0,15,0 2,15,0,1,0 2,0,0,15,0 2,15,0,1,0 2,0,0,15,0 2,0,0,15,0 2,0,0,15,0 2,15,0,15,0 
2,15,0,15,0 2,15,0,1,0 2,15,0,1,0 2,15,0,1,0 2,15,0,1,0 2,15,0,1,0 2,15,0,1,0 2,15,0,1,0 2,15,0,1,0 2,15,0,1,0 2,15,0,1,0 2,15,0,1,0 2,15,0,1,0 2,15,0,1,0 2,15,0,1,0 2,15,0,1,0 2,15,0,1,0 2,0,0,15,0 2,0,0,15,0 2,0,0,15,0 2,15,0,1,0 2,15,0,1,0 2,15,0,1,0 2,0,0,15,0 2,15,0,15,0 
2,15,0,15,0 1,15,0,15,0 1,15,0,15,0 1,15,0,15,0 1,15,0,15,0 1,15,0,15,0 1,15,0,15,0 1,15,0,15,0 1,15,0,15,0 1,15,0,15,0 1,15,0,15,0 1,15,0,15,0 1,15,0,15,0 1,15,0,15,0 1,15,0,15,0 2,15,0,1,0 2,15,0,1,0 2,15,0,1,0 2,15,0,1,0 2,15,0,1,0 2,15,0,1,0 2,15,0,1,0 2,0,0,15,0 2,0,0,15,0 2,15,0,15,0 
2,15,0,15,0 1,15,0,15,0 1,15,0,15,0 1,15,0,15,0 1,15,0,15,0 1,15,0,15,0 1,15,0,15,0 1,15,0,15,0 1,15,0,15,0 1,15,0,15,0 1,15,0,15,0 1,15,0,15,0 1,15,0,15,0 1,15,0,15,0 1,15,0,15,0 2,15,0,1,1 2,15,0,1,0 2,0,0,15,0 2,15,0,1,0 2,15,0,1,0 2,15,0,1,0 2,15,0,1,0 2,15,0,1,0 2,0,0,15,0 2,15,0,15,0 
2,15,0,15,0 1,15,0,15,0 1,15,0,15,0 1,15,0,15,0 1,15,0,15,0 1,15,0,15,0 1,15,0,15,0 1,15,0,15,0 1,15,0,15,0 1,15,0,15,0 1,15,0,15,0 1,15,0,15,0 1,15,0,15,0 1,15,0,15,0 1,15,0,15,0 2,15,0,1,0 2,15,0,1,0 2,15,0,1,0 2,15,0,1,0 2,15,0,1,0 2,15,0,1,0 2,15,0,1,0 2,15,0,1,0 2,0,0,15,0 2,15,0,15,0 
2,15,0,15,0 1,15,0,15,0 1,15,0,15,0 1,15,0,15,0 1,15,0,15,0 2,15,0,1,0 2,15,0,1,0 2,15,0,1,2 2,15,0,1,0 2,15,0,1,0 2,15,0,1,0 2,15,0,1,0 3,15,0,1,0 2,15,0,1,0 3,15,0,1,0 2,15,0,1,0 2,15,0,1,0 2,15,0,1,0 2,15,0,1,0 2,15,0,1,0 2,15,0,1,0 2,15,0,1,0 2,15,0,1,0 2,15,0,1,0 2,15,0,15,0 
2,15,0,15,0 1,15,0,15,0 1,15,0,15,0 1,15,0,15,0 1,15,0,15,0 2,15,0,1,0 2,15,0,1,0 2,0,0,15,0 2,0,0,15,0 2,0,0,15,0 2,0,0,15,0 2,0,0,15,0 2,0,0,15,0 2,0,0,15,0 2,0,0,15,0 2,15,0,1,0 2,15,0,1,0 2,15,0,1,0 2,15,0,1,0 2,15,0,1,0 2,15,0,1,0 2,15,0,1,0 2,15,0,1,0 2,15,0,1,0 2,15,0,15,0 
2,15,0,15,0 1,15,0,15,0 1,15,0,15,0 1,15,0,15,0 1,15,0,15,0 2,15,0,1,0 2,15,0,1,0 2,0,0,15,0 2,0,0,15,0 2,0,0,15,0 2,0,0,15,0 2,0,0,15,0 2,0,0,15,0 2,0,0,15,0 2,0,0,15,0 2,15,0,1,0 2,15,0,1,0 2,15,0,1,0 2,15,0,1,0 2,15,0,1,0 2,15,0,1,0 2,15,0,1,0 2,15,0,1,0 2,15,0,1,0 2,15,0,15,0 
2,15,0,15,0 1,15,0,15,0 1,15,0,15,0 1,15,0,15,0 1,15,0,15,0 2,15,0,1,1 2,0,0,15,0 2,0,0,15,0 2,0,0,15,0 2,0,0,15,0 2,0,0,15,0 2,0,0,15,0 2,0,0,15,0 2,15,0,1,0 2,15,0,1,0 2,15,0,1,0 2,15,0,1,0 2,15,0,1,0 2,15,0,1,0 2,0,0,15,0 2,15,0,1,0 2,15,0,1,0 2,15,0,1,0 2,15,0,1,0 2,15,0,15,0 
2,15,0,15,0 1,15,0,15,0 1,15,0,15,0 1,15,0,15,0 1,15,0,15,0 2,15,0,1,0 2,0,0,15,0 2,15,0,1,0 2,0,0,15,0 2,0,0,15,0 2,0,0,15,0 2,0,0,15,0 2,15,0,1,0 2,15,0,1,0 2,15,0,1,0 2,15,0,1,0 2,15,0,1,0 2,15,0,1,0 2,15,0,1,0 2,15,0,1,0 2,15,0,1,0 2,15,0,1,0 2,0,0,15,0 2,15,0,1,0 2,15,0,15,0 
2,15,0,15,0 1,15,0,15,0 1,15,0,15,0 1,15,0,15,0 1,15,0,15,0 2,15,0,1,0 2,0,0,15,0 2,15,0,1,0 2,0,0,15,0 2,0,0,15,0 2,15,0,1,0 2,15,0,1,0 2,15,0,1,0 2,15,0,1,0 2,15,0,1,0 2,15,0,1,0 2,15,0,1,0 2,15,0,1,0 2,15,0,1,0 2,15,0,1,0 2,15,0,1,0 2,15,0,1,0 2,15,0,1,0 2,15,0,1,0 2,15,0,15,0 
2,15,0,15,0 1,15,0,15,0 1,15,0,15,0 1,15,0,15,0 1,15,0,15,0 2,15,0,1,0 2,0,0,15,0 2,0,0,15,0 2,0,0,15,0 2,15,0,1,0 2,15,0,1,0 2,15,0,1,0 2,15,0,1,0 2,15,0,1,0 2,15,0,1,0 2,15,0,1,0 2,15,0,1,0 2,15,0,1,0 2,15,0,1,0 2,15,0,1,0 2,15,0,1,0 2,15,0,1,0 2,15,0,1,0 2,0,0,15,0 2,15,0,15,0 
2,15,0,15,0 1,15,0,15,0 1,15,0,15,0 1,15,0,15,0 1,15,0,15,0 2,15,0,1,0 2,15,0,1,0 2,15,0,1,0 2,15,0,1,0 2,15,0,1,0 2,15,0,1,0 2,15,0,1,0 2,15,0,1,0 2,15,0,1,0 2,15,0,1,0 2,15,0,1,0 2,15,0,1,0 2,15,0,1,0 2,15,0,1,0 2,15,0,1,0 2,15,0,1,0 2,15,0,1,0 2,15,0,1,0 2,15,0,1,0 2,15,0,15,0 
2,15,0,15,0 1,15,0,1,0 1,15,0,1,0 1,15,0,1,0 1,15,0,1,0 2,15,0,1,0 2,15,0,1,0 2,15,0,1,0 2,15,0,1,0 2,15,0,1,0 2,15,0,1,0 2,15,0,1,0 2,15,0,1,0 2,15,0,1,0 2,15,0,1,0 2,15,0,1,0 2,15,0,1,0 2,15,0,1,0 2,15,0,1,0 2,15,0,1,0 2,15,0,1,0 2,15,0,1,0 2,15,0,1,0 2,15,0,1,0 2,15,0,15,0 
2,15,0,15,0 1,15,0,1,0 1,15,0,1,0 1,15,0,1,0 1,15,0,1,0 2,15,0,1,0 2,15,0,1,0 2,15,0,1,0 2,15,0,1,0 2,15,0,1,0 2,15,0,1,0 2,15,0,1,0 2,15,0,1,0 2,15,0,1,0 2,15,0,1,0 2,15,0,1,0 2,15,0,1,0 2,15,0,1,0 2,15,0,1,0 2,15,0,1,0 2,15,0,1,0 2,15,0,1,0 2,15,0,1,0 2,15,0,1,0 2,15,0,15,0 
2,15,0,15,0 1,15,0,1,0 1,15,0,1,0 1,15,0,1,0 1,15,0,1,0 2,1,3,8,0 2,1,3,8,0 2,1,3,8,0 2,1,3,8,0 2,1,3,8,0 2,1,3,8,0 2,1,3,8,0 2,1,3,8,0 2,1,3,8,0 2,1,3,8,0 2,1,3,8,0 2,1,3,8,0 2,1,3,8,0 2,15,0,1,0 2,15,0,1,0 2,15,0,1,0 2,15,0,1,0 2,15,0,1,0 2,15,0,1,0 2,15,0,15,0 
2,15,0,15,0 2,15,0,15,0 2,15,0,15,0 2,15,0,15,0 2,15,0,15,0 2,15,0,15,0 2,15,0,15,0 2,15,0,15,0 2,15,0,15,0 2,15,0,15,0 2,15,0,15,0 2,15,0,15,0 2,15,0,15,0 2,15,0,15,0 2,15,0,15,0 2,15,0,15,0 2,15,0,15,0 2,15,0,15,0 2,15,0,15,0 2,15,0,15,0 2,15,0,15,0 2,15,0,15,0 2,15,0,15,0 2,15,0,15,0 2,15,0,15,0 
z
2,15,0,15,0 2,15,0,15,0 2,15,0,15,0 2,15,0,15,0 2,15,0,15,0 2,15,0,15,0 2,15,0,15,0 2,15,0,15,0 2,15,0,15,0 2,15,0,15,0 2,15,0,15,0 2,15,0,15,0 2,15,0,15,0 2,15,0,15,0 2,15,0,15,0 2,15,0,15,0 2,15,0,15,0 2,15,0,15,0 2,15,0,15,0 2,15,0,15,0 2,15,0,15,0 2,15,0,15,0 2,15,0,15,0 2,15,0,15,0 2,15,0,15,0 
2,15,0,15,0 2,15,0,1,0 2,15,0,1,0 2,15,0,1,0 1,3,0,1,0 1,3,0,1,0 1,3,0,1,0 1,3,0,15,0 1,3,0,15,0 1,3,0,15,0 1,3,0,15,0 1,3,0,15,0 1,3,0,15,0 1,3,0,15,0 1,3,0,15,0 1,3,0,15,0 1,3,0,15,0 1,3,0,15,0 1,3,0,1,0 1,3,0,1,0 1,3,0,1,0 1,3,0,1,0 1,3,0,1,0 2,3,18,1,0 2,15,0,15,0 
2,15,0,15,0 2,15,0,1,0 2,15,0,1,0 2,15,0,1,0 2,5,4,8,0 2,4,0,1,0 2,4,0,1,0 2,4,0,1,0 2,4,0,1,0 2,4,0,1,0 2,4,0,1,0 2,4,0,1,0 2,4,0,1,0 2,4,0,1,0 2,4,0,1,0 2,4,0,1,0 2,4,0,1,0 2,4,0,1,0 2,4,0,1,0 2,4,0,1,0 2,4,0,1,0 2,4,0,1,0 2,3,16,1,0 1,3,0,1,0 2,15,0,15,0 
2,15,0,15,0 2,15,0,1,0 2,15,0,1,0 2,15,0,1,0 2,15,7,1,0 2,15,7,1,0 2,15,7,1,0 2,15,7,1,0 2,15,7,1,0 2,15,7,1,0 2,15,7,1,0 2,15,7,1,0 2,15,7,1,0 2,15,7,1,0 2,15,7,1,0 1,14,0,1,0 1,13,0,15,0 1,12,0,1,0 1,15,0,1,0 1,12,0,1,0 1,15,0,1,0 1,11,0,1,0 2,4,0,1,0 1,3,0,1,0 2,15,0,15,0 
2,15,0,15,0 2,15,0,1,0 2,15,0,1,0 2,15,0,1,0 1,15,0,1,0 1,15,0,1,0 1,15,0,1,0 1,15,0,1,0 1,15,0,1,0 1,15,0,1,0 1,15,0,1,0 1,15,0,1,0 1,15,0,1,0 1,15,0,1,0 1,15,0,1,0 1,14,0,1,0 1,13,0,1,0 1,11,0,1,0 1,15,0,15,0 1,11,0,1,0 1,15,0,15,0 1,15,0,1,0 6,10,0,1,0 1,3,0,1,0 2,15,0,15,0 
2,15,0,15,0 2,15,0,1,0 2,15,0,15,0 2,15,0,15,0 2,15,8,1,0 2,15,8,1,0 2,15,8,1,0 2,15,8,1,0 2,15,8,1,0 2,15,8,1,0 2,15,8,1,0 2,15,8,1,0 2,15,8,1,0 2,15,8,1,0 2,15,8,1,0 1,15,0,1,0 1,15,0,1,0 1,15,0,1,0 1,15,0,15,0 1,11,0,1,0 1,11,0,15,0 1,15,0,1,0 6,10,0,1,0 1,3,0,15,0 2,15,0,15,0 
2,15,0,15,0 2,15,0,1,0 2,15,0,15,0 2,15,0,15,0 2,15,0,15,0 2,15,0,1,0 2,15,0,1,0 2,15,0,1,0 2,15,0,1,0 2,15,0,1,0 2,15,0,15,0 2,15,0,1,0 2,15,0,15,0 2,15,0,1,0 2,15,0,1,0 1,13,0,1,0 2,15,8,15,0 1,15,0,1,0 1,11,0,15,0 1,10,0,1,0 2,15,8,15,0 1,15,0,1,0 2,4,0,1,0 1,3,0,1,0 2,15,0,15,0 
2,15,0,15,0 2,15,0,15,0 2,15,0,15,0 2,15,0,15,0 2,15,0,15,0 2,15,0,1,0 2,15,0,1,0 2,15,0,15,0 2,15,0,15,0 2,15,0,15,0 2,15,0,1,0 2,15,0,1,0 2,15,0,1,0 2,15,0,1,0 2,15,0,15,0 2,15,10,15,0 2,15,0,1,0 2,15,9,15,0 1,15,0,1,0 2,15,10,15,0 2,15,0,1,0 2,15,9,15,0 2,4,0,1,0 1,3,0,1,0 2,15,0,15,0 
2,15,0,15,0 2,15,0,15,0 2,15,0,15,0 2,15,0,15,0 2,15,0,1,0 2,15,0,15,0 2,15,0,1,0 2,15,0,1,0 2,15,0,1,0 2,15,0,15,0 2,15,0,1,0 2,15,0,1,0 2,15,0,1,0 2,15,0,1,0 2,15,0,15,0 1,15,0,1,0 2,15,7,15,0 1,15,0,1,0 1,15,0,1,0 1,15,0,1,0 2,15,7,15,0 1,15,0,1,0 2,4,0,1,0 1,3,0,1,0 2,15,0,15,0 
2,15,0,15,0 2,15,0,15,0 2,15,0,15,0 2,15,0,1,0 2,15,0,1,0 2,15,0,1,0 2,0,0,15,0 2,15,0,1,0 2,15,0,1,0 2,15,0,1,0 2,15,0,1,0 2,15,0,1,0 2,15,0,1,0 2,15,0,1,0 2,15,0,1,0 1,15,0,1,0 1,15,0,1,0 1,15,0,1,0 1,15,0,1,0 1,15,0,1,0 1,15,0,1,0 1,15,0,1,0 6,10,0,1,0 1,3,0,1,0 2,15,0,15,0 
2,15,0,15,0 2,15,0,1,0 2,15,0,1,0 2,15,0,15,0 2,15,0,1,0 2,0,0,15,0 2,15,0,1,0 2,15,0,1,0 2,15,0,15,0 2,15,0,1,0 2,15,0,1,0 2,15,0,1,0 2,15,0,1,0 2,15,0,1,0 2,15,0,1,0 1,15,0,1,0 2,15,8,15,0 1,15,0,1,0 1,15,0,1,0 1,15,0,1,0 2,15,8,15,0 1,15,0,1,0 6,10,0,1,0 1,3,0,1,0 2,15,0,15,0 
2,15,0,15,0 2,15,0,15,0 2,15,0,1,0 2,15,0,1,0 2,15,0,1,0 2,15,0,1,0 2,15,0,1,0 2,15,0,1,0 2,15,0,1,0 2,15,0,1,0 2,15,0,1,0 2,15,0,1,0 2,15,0,1,0 2,15,0,1,0 2,15,0,1,0 2,15,10,15,0 2,15,0,1,0 2,15,9,15,0 1,15,0,1,0 2,15,10,15,0 2,15,0,1,0 2,15,9,15,0 2,15,0,1,0 1,3,0,1,0 2,15,0,15,0 
2,15,0,15,0 2,15,0,15,0 2,15,0,1,0 2,15,0,1,0 2,15,0,1,0 2,15,0,1,0 2,15,0,1,0 2,15,0,1,0 2,15,0,1,0 2,15,0,1,0 2,15,0,1,0 2,15,0,1,0 2,15,0,1,0 2,15,0,1,0 2,15,0,1,0 1,15,0,1,0 2,15,7,15,0 1,15,0,15,0 1,15,0,15,0 1,15,0,1,0 2,15,7,15,0 1,15,0,1,0 2,15,0,1,0 1,3,0,1,0 2,15,0,15,0 
2,15,0,15,0 2,15,0,1,0 2,15,0,1,0 2,15,0,1,0 2,15,0,1,0 2,15,0,15,0 2,15,0,1,0 2,15,0,1,0 2,15,0,1,0 2,15,0,1,0 2,15,0,15,0 2,15,0,1,0 2,15,0,1,0 2,15,0,1,0 2,15,0,1,0 1,15,0,1,0 1,15,0,15,0 1,15,0,1,0 1,15,0,1,0 1,15,0,1,0 1,15,0,1,0 1,15,0,1,0 2,15,0,1,0 1,3,0,1,0 2,15,0,15,0 
2,15,0,15,0 2,15,0,15,0 2,15,0,15,0 2,15,0,15,0 2,15,0,1,0 2,15,0,1,0 2,15,0,1,0 2,15,0,1,0 2,15,0,1,0 2,15,0,15,0 2,15,0,1,0 2,15,0,15,0 2,15,0,15,0 2,15,0,1,0 2,15,0,1,0 1,15,0,1,0 1,15,0,1,0 1,15,0,1,0 1,15,0,15,0 1,15,0,1,0 1,15,0,1,0 1,15,0,1,0 6,10,0,1,0 1,3,0,15,0 2,15,0,15,0 
2,15,0,15,0 2,15,0,15,0 2,15,0,1,0 2,15,0,1,0 2,15,0,1,0 2,15,0,1,0 2,15,0,1,0 2,15,0,15,0 2,15,0,15,0 2,15,0,1,0 2,15,0,15,0 2,15,0,15,0 2,15,0,1,0 2,15,0,1,0 2,15,0,1,0 1,15,0,1,0 1,15,0,1,0 1,15,0,1,0 1,15,0,15,0 1,15,0,1,0 1,15,0,15,0 1,15,0,15,0 6,10,0,1,0 1,3,0,1,0 2,15,0,15,0 
2,15,0,15,0 2,15,0,1,0 2,15,0,15,0 2,15,0,1,0 2,15,0,1,0 2,15,0,1,0 2,15,0,1,0 2,15,0,1,0 2,15,0,1,0 2,15,0,15,0 2,15,0,1,0 2,15,0,15,0 2,15,0,1,0 2,15,0,1,0 2,15,0,1,0 1,15,0,1,0 1,15,0,1,0 1,15,0,1,0 1,15,0,1,0 1,15,0,1,0 1,15,0,1,0 1,15,0,1,0 2,4,0,1,0 1,3,0,1,0 2,15,0,15,0 
2,15,0,15,0 2,0,0,15,0 2,15,0,1,0 2,15,0,1,0 2,15,0,1,0 2,0,0,15,0 2,15,0,1,0 2,15,0,1,0 2,15,0,1,0 2,15,0,1,0 2,0,0,15,0 2,15,0,1,0 2,15,0,1,0 2,15,0,1,0 2,15,0,1,0 2,15,2,1,0 2,15,2,1,0 2,15,2,1,0 2,15,2,1,0 2,15,2,1,0 2,15,2,1,0 2,15,2,1,0 2,4,0,1,0 1,3,0,1,0 2,15,0,15,0 
2,15,0,15,0 2,15,0,1,0 2,15,0,1,0 2,15,0,1,0 2,15,0,1,0 2,15,0,1,0 2,15,0,1,0 2,15,0,1,0 2,15,0,1,0 2,0,0,15,0 2,15,0,1,0 2,15,0,1,0 2,15,0,1,0 2,15,0,1,0 2,15,0,1,0 2,15,2,1,0 2,15,2,1,0 2,15,2,1,0 2,15,2,1,0 2,15,2,1,0 2,15,2,1,0 2,15,2,1,0 2,4,0,1,0 1,3,0,1,0 2,15,0,15,0 
2,15,0,15,0 2,0,0,15,0 2,15,0,1,0 2,15,0,1,0 2,15,0,1,0 2,15,0,1,0 2,15,0,1,0 2,15,0,1,0 2,0,0,15,0 2,15,0,1,0 2,15,0,1,0 2,0,0,15,0 2,0,0,15,0 2,15,0,1,0 2,15,0,1,0 2,15,2,1,0 2,15,2,1,0 2,15,2,1,0 2,15,2,1,0 2,15,2,1,0 2,15,2,1,0 2,15,2,1,0 2,4,0,1,0 1,3,0,1,0 2,15,0,15,0 
2,15,0,15,0 2,15,0,1,0 2,15,0,1,0 2,15,0,1,0 2,15,0,1,0 2,15,0,1,0 2,15,0,1,0 2,15,0,1,0 2,15,0,1,0 2,15,0,1,0 2,15,0,1,0 1,3,0,1,0 1,3,0,1,0 1,3,0,1,0 2,15,0,1,0 2,15,0,1,0 2,15,0,1,0 2,15,0,1,0 2,5,0,1,0 6,10,0,1,0 6,10,0,1,0 6,10,0,1,0 1,3,0,1,0 1,3,0,1,0 2,15,0,15,0 
2,15,0,15,0 2,15,0,1,0 2,15,0,1,0 2,15,0,1,0 2,15,0,1,0 2,15,0,1,0 2,15,0,1,0 2,15,0,1,0 2,15,0,1,0 2,15,0,1,0 2,15,0,1,0 1,3,0,1,0 1,3,0,1,0 1,3,0,1,0 1,3,0,1,0 1,3,0,1,0 1,3,0,1,0 1,3,0,1,0 5,3,3,15,5 1,3,0,1,0 1,3,0,1,0 1,3,0,1,0 1,3,0,1,0 2,15,0,15,0 2,15,0,15,0 
2,15,0,15,0 2,15,0,1,0 2,15,0,1,0 2,15,0,1,0 2,15,0,1,0 2,15,0,1,0 2,15,0,1,0 2,15,0,1,0 2,15,0,1,0 2,15,0,1,0 2,15,0,1,0 2,15,0,1,0 2,15,0,1,0 2,15,0,1,0 2,15,0,1,0 2,15,0,1,0 2,5,0,1,0 2,5,0,1,0 2,5,0,1,0 1,3,0,1,0 1,3,0,1,0 1,3,0,1,0 1,3,0,1,0 2,15,0,15,0 2,15,0,15,0 
2,15,0,15,0 2,15,0,1,0 2,15,0,1,0 2,15,0,1,0 2,15,0,1,0 2,15,0,1,0 2,15,0,1,0 2,15,0,1,0 2,15,0,1,0 2,15,0,1,0 2,15,0,1,0 2,15,0,1,0 2,15,0,1,0 2,15,0,1,0 2,15,0,1,0 2,15,0,1,0 2,5,0,1,0 1,3,0,1,0 1,3,0,1,0 1,3,0,1,0 1,3,0,1,0 1,3,0,1,0 1,3,0,1,0 2,15,0,15,0 2,15,0,15,0 
2,15,0,15,0 2,15,0,15,0 2,15,0,15,0 2,15,0,15,0 2,15,0,15,0 2,15,0,15,0 2,15,0,15,0 2,15,0,15,0 2,15,0,15,0 2,15,0,15,0 2,15,0,15,0 2,15,0,15,0 2,15,0,15,0 2,15,0,15,0 2,15,0,15,0 2,15,0,15,0 2,15,0,15,0 2,15,0,15,0 2,15,0,15,0 2,15,0,15,0 2,15,0,15,0 2,15,0,15,0 2,15,0,15,0 2,15,0,15,0 2,15,0,15,0 
z
2,15,0,15,0 2,15,0,15,0 2,15,0,15,0 2,15,0,15,0 2,15,0,15,0 2,15,0,15,0 2,15,0,15,0 2,15,0,15,0 2,15,0,15,0 2,15,0,15,0 2,15,0,15,0 2,15,0,15,0 2,15,0,15,0 2,15,0,15,0 2,15,0,15,0 2,15,0,15,0 2,15,0,15,0 2,15,0,15,0 2,15,0,15,0 2,15,0,15,0 2,15,0,15,0 2,15,0,15,0 2,15,0,15,0 2,15,0,15,0 2,15,0,15,0 
2,15,0,15,0 2,15,0,15,0 2,15,0,1,0 2,15,0,1,0 2,15,0,1,0 2,15,0,15,0 2,15,0,15,0 2,15,0,15,0 2,15,0,15,0 2,15,0,15,0 2,15,0,15,0 2,15,0,15,0 2,15,0,15,0 2,15,0,15,0 2,15,0,15,0 2,15,0,15,0 2,15,0,15,0 2,15,0,15,0 2,15,0,15,0 2,15,0,15,2 2,15,0,15,0 2,15,0,15,0 2,15,0,15,0 2,15,0,15,0 2,15,0,15,0 
2,15,0,15,0 2,15,0,1,0 2,15,0,1,0 2,15,0,1,0 1,15,0,1,0 2,15,0,15,0 2,15,0,15,0 2,15,0,15,0 2,15,0,15,0 2,15,0,15,0 2,15,0,15,0 2,15,0,15,0 2,15,0,15,0 2,15,0,15,0 2,15,0,15,0 2,15,0,15,0 2,15,0,15,0 2,15,0,15,0 2,15,0,15,0 2,15,0,15,0 2,15,0,15,0 2,15,0,15,0 2,15,0,1,0 2,15,0,1,0 2,15,0,15,0 
2,15,0,15,0 2,15,0,15,0 2,15,0,1,0 2,15,0,1,0 1,15,0,1,0 1,15,0,15,0 1,15,0,15,0 1,15,0,15,0 1,15,0,15,0 1,15,0,15,0 1,15,0,15,0 1,15,0,15,0 1,15,0,15,0 1,15,0,15,0 1,15,0,15,0 1,15,0,15,0 1,15,0,15,0 1,15,0,15,0 1,15,0,15,0 1,15,0,15,0 1,15,0,15,0 1,15,0,15,0 2,15,0,1,0 2,15,0,1,0 2,15,0,15,0 
2,15,0,15,0 2,15,0,15,0 2,15,0,1,0 2,15,0,1,0 1,15,0,1,0 1,15,0,15,0 1,15,0,15,0 1,15,0,15,0 1,15,0,1,0 1,15,0,1,0 1,15,0,1,0 1,15,0,1,0 1,15,0,1,0 1,15,0,1,0 1,15,0,1,0 1,15,0,1,0 1,15,0,1,0 1,15,0,1,0 1,15,0,1,0 1,15,0,1,0 1,15,0,15,1 1,15,0,1,0 2,15,0,1,0 2,15,0,15,0 2,15,0,15,0 
2,15,0,15,0 2,15,0,15,0 2,15,0,15,0 2,15,0,15,0 1,15,0,15,0 1,15,0,15,0 1,15,0,15,0 1,15,0,15,0 1,15,0,15,0 1,15,0,15,0 1,15,0,15,0 1,15,0,15,0 1,15,0,15,0 1,15,0,15,0 1,15,0,15,0 1,15,0,1,0 1,15,0,1,0 1,15,0,1,0 1,15,0,1,0 1,15,0,1,0 1,15,0,1,0 1,15,0,15,0 2,15,0,1,0 2,15,0,1,0 2,15,0,15,0 
2,15,0,15,0 2,15,0,15,0 2,15,0,15,0 2,15,0,15,0 2,15,0,15,0 2,15,0,15,0 2,15,0,15,0 2,15,0,15,0 2,15,0,15,0 2,15,0,15,0 2,15,0,15,0 2,15,0,15,0 2,15,0,15,0 2,15,0,15,0 2,15,0,15,0 1,15,0,15,0 1,15,0,15,0 1,15,0,15,0 1,15,0,1,0 1,15,0,1,2 1,15,0,15,0 1,15,0,1,0 2,15,0,1,0 2,15,0,15,0 2,15,0,15,0 
2,15,0,15,0 2,15,0,15,0 2,15,0,15,0 2,15,0,15,0 2,15,0,15,0 2,15,0,15,0 2,15,0,15,0 2,15,0,15,0 2,15,0,15,0 2,15,0,15,0 2,15,0,15,0 2,15,0,15,0 2,15,0,15,0 2,15,0,15,0 2,15,0,15,0 1,15,0,15,0 2,15,0,15,0 1,15,0,15,0 1,15,0,1,0 1,15,0,15,0 2,15,0,15,0 1,15,0,15,0 2,15,0,1,0 2,15,0,1,0 2,15,0,15,0 
2,15,0,15,0 2,15,0,15,0 2,15,0,15,0 2,15,0,15,0 2,15,0,15,0 2,15,0,15,0 2,15,0,15,0 2,15,0,15,0 2,15,0,15,0 2,15,0,15,0 2,15,0,15,0 2,15,0,15,0 2,15,0,15,0 2,15,0,15,0 2,15,0,15,0 1,15,0,1,0 1,15,0,15,0 1,15,0,1,0 1,15,0,1,0 1,15,0,1,0 1,15,0,15,0 1,15,0,1,0 2,15,0,1,0 2,15,0,1,0 2,15,0,15,0 
2,15,0,15,0 2,15,0,15,0 2,15,0,15,0 2,15,0,15,0 2,15,0,15,0 2,15,0,15,0 2,15,0,15,0 2,15,0,15,0 2,15,0,15,0 2,15,0,15,0 2,15,0,15,0 2,15,0,15,0 2,15,0,15,0 2,15,0,15,0 2,15,0,1,0 1,15,0,1,0 1,15,0,1,0 1,15,0,1,0 1,15,0,1,0 1,15,0,1,0 1,15,0,1,0 1,15,0,1,0 2,15,0,1,0 2,15,0,1,0 2,15,0,15,0 
2,15,0,15,0 2,15,0,15,0 2,15,0,15,0 2,15,0,15,0 2,15,0,15,0 2,15,0,15,0 2,15,0,15,0 2,15,0,15,0 2,15,0,15,0 2,15,0,15,0 2,15,0,15,0 2,15,0,15,0 2,15,0,15,0 2,15,0,15,0 2,15,0,15,0 1,15,0,1,0 1,15,0,15,0 1,15,0,15,0 1,15,0,15,0 1,15,0,15,0 1,15,0,15,0 1,15,0,15,0 2,15,0,1,0 2,15,0,1,0 2,15,0,15,0 
2,15,0,15,0 2,15,0,15,0 2,15,0,15,0 2,15,0,15,0 2,15,0,15,0 2,15,0,15,0 2,15,0,15,0 2,15,0,15,0 2,15,0,15,0 2,15,0,15,0 2,15,0,15,0 2,15,0,15,0 2,15,0,15,0 2,15,0,15,0 2,15,0,15,0 1,15,0,15,0 2,15,0,15,0 1,15,0,15,0 1,15,0,15,0 1,15,0,15,0 2,15,0,15,0 1,15,0,15,0 2,15,0,1,0 2,15,0,1,0 2,15,0,15,0 
2,15,0,15,0 2,15,0,15,0 2,15,0,15,0 2,15,0,15,0 2,15,0,15,0 2,15,0,15,0 2,15,0,15,0 2,15,0,15,0 2,15,0,15,0 2,15,0,15,0 2,15,0,15,0 2,15,0,15,0 2,15,0,15,0 2,15,0,15,0 2,15,0,15,0 1,15,0,1,0 1,15,0,15,0 1,15,0,15,0 1,15,0,15,0 1,15,0,15,0 1,15,0,15,0 1,15,0,15,0 2,15,0,1,0 2,15,0,1,0 2,15,0,15,0 
2,15,0,15,0 2,15,0,15,0 2,15,0,15,0 2,15,0,15,0 2,15,0,1,0 2,15,0,15,0 2,15,0,15,0 2,15,0,15,0 2,15,0,15,0 2,15,0,15,0 2,15,0,15,0 2,15,0,15,0 2,15,0,1,0 2,15,0,15,0 2,15,0,15,0 1,15,0,1,0 1,15,0,1,0 1,15,0,15,0 1,15,0,15,0 1,15,0,15,0 1,15,0,15,0 1,15,0,15,0 2,15,0,1,0 2,15,0,1,0 2,15,0,15,0 
2,15,0,15,0 2,15,0,15,0 2,15,0,15,0 2,15,0,15,0 2,15,0,1,0 2,15,0,1,0 2,15,0,1,0 2,15,0,1,0 2,15,0,1,0 2,15,0,1,0 2,15,0,1,0 2,15,0,1,0 2,15,0,1,0 2,15,0,1,0 2,15,0,1,0 1,15,0,1,0 1,15,0,1,0 1,15,0,15,0 1,15,0,15,0 1,15,0,15,0 1,15,0,1,0 1,15,0,15,0 2,15,0,1,0 2,15,0,1,0 2,15,0,15,0 
2,15,0,15,0 2,15,0,15,0 2,15,0,15,0 2,15,0,15,0 2,15,0,1,0 2,15,0,1,0 2,15,0,1,0 2,15,0,1,0 2,15,0,1,0 2,15,0,1,0 2,15,0,1,0 2,15,0,1,0 2,15,0,1,0 2,15,0,1,0 2,15,0,1,0 1,15,0,1,0 1,15,0,1,0 1,15,0,15,0 1,15,0,1,0 1,15,0,1,0 1,15,0,1,0 1,15,0,15,0 2,15,0,1,0 2,15,0,1,0 2,15,0,15,0 
2,15,0,15,0 2,15,0,15,0 2,15,0,15,0 2,15,0,1,0 2,15,0,1,0 2,15,0,15,0 2,15,0,1,0 2,15,0,1,0 2,15,0,1,0 2,15,0,15,0 2,15,0,15,0 2,15,0,1,0 2,15,0,15,0 2,15,0,1,0 2,15,0,1,0 2,15,0,1,0 2,15,0,1,0 2,15,0,1,0 5,15,5,15,5 2,15,0,1,0 2,15,0,1,0 2,15,0,1,0 2,15,0,1,0 2,5,0,1,0 2,15,0,15,0 
2,15,0,15,0 2,15,0,15,0 2,15,0,15,0 2,15,0,1,0 2,15,0,1,0 2,15,0,1,0 2,15,0,1,0 2,15,0,15,0 2,15,0,15,0 2,15,0,1,0 2,15,0,1,0 2,15,0,1,0 2,15,0,1,0 2,15,0,1,0 2,15,0,1,0 1,15,0,1,0 1,15,0,1,0 1,15,0,15,0 1,15,0,1,0 1,15,0,15,0 1,15,0,15,0 2,15,2,9,0 2,15,0,1,0 2,5,0,1,0 2,15,0,15,0 
2,15,0,15,0 2,15,0,1,0 2,15,0,1,0 2,15,0,1,0 2,15,0,1,0 2,15,0,1,0 2,15,0,1,0 2,15,0,15,0 2,15,0,15,0 2,15,0,1,0 2,15,0,1,0 2,15,0,1,0 2,15,0,1,0 2,15,0,1,0 4,15,0,1,0 1,15,0,1,0 1,15,0,1,0 1,15,0,15,0 1,15,0,1,0 1,15,0,15,0 1,15,0,15,1 2,15,2,6,0 2,5,0,1,0 2,15,0,15,0 2,15,0,15,0 
2,15,0,15,0 2,15,0,1,0 2,15,0,1,0 2,15,0,1,0 2,15,0,1,0 2,15,0,1,0 2,15,0,15,0 2,15,0,15,0 2,15,0,15,0 2,15,0,1,0 2,15,0,1,0 2,15,0,1,0 2,15,0,1,0 2,15,0,1,0 2,15,0,1,0 1,15,0,1,0 1,15,0,1,0 1,15,0,15,0 1,15,0,1,0 1,15,0,15,0 1,15,0,15,0 2,15,2,9,0 2,15,0,1,0 2,5,0,1,0 2,15,0,15,0 
2,15,0,15,0 2,15,0,1,0 2,15,0,1,0 2,15,0,1,0 2,15,0,1,0 2,15,0,15,0 2,15,0,1,0 2,15,0,1,0 2,15,0,1,0 2,15,0,1,0 2,15,0,1,0 2,15,0,1,0 2,15,0,15,0 2,15,0,15,0 2,15,0,1,0 2,15,0,1,0 2,15,0,1,0 2,15,0,1,0 2,15,0,1,0 2,15,0,1,0 2,15,0,1,0 2,15,0,1,0 2,15,0,1,0 2,15,0,1,0 2,15,0,15,0 
2,15,0,15,0 2,15,0,1,0 2,15,0,1,0 2,15,0,15,0 2,15,0,1,0 2,15,0,1,0 2,15,0,1,0 2,15,0,1,0 2,15,0,1,0 2,15,0,1,0 2,15,0,1,0 2,15,0,1,0 2,15,0,1,0 2,15,0,15,0 2,15,0,1,0 2,15,0,1,0 2,15,0,1,0 2,15,0,1,0 2,15,0,1,0 2,15,0,1,0 2,15,0,1,0 2,15,0,1,0 2,15,0,1,0 2,15,0,1,0 2,15,0,15,0 
2,15,0,15,0 2,15,0,1,0 2,15,0,15,0 2,15,0,15,0 2,15,0,15,0 2,15,0,15,0 2,15,0,15,0 2,15,0,15,0 2,15,0,15,0 2,15,0,15,0 2,15,0,15,0 2,15,0,15,0 2,15,0,1,0 2,15,0,1,0 2,15,0,1,0 2,15,0,1,0 2,15,0,1,0 2,15,0,1,0 2,15,0,1,0 2,15,0,1,0 2,15,0,1,0 2,15,0,1,0 2,15,0,1,0 2,15,0,1,0 2,15,0,15,0 
2,15,0,15,0 2,15,0,1,0 2,15,0,1,0 2,15,0,1,0 2,15,0,15,0 2,15,0,1,0 2,15,0,15,0 2,15,0,1,0 2,15,0,1,0 2,15,0,1,0 2,15,0,1,0 2,15,0,1,0 2,15,0,1,0 2,15,0,1,0 2,15,0,1,0 2,15,0,1,0 2,15,0,1,0 2,15,0,15,0 2,15,0,1,0 2,15,0,1,0 2,15,0,1,0 2,15,0,1,0 2,15,0,1,0 2,15,0,1,0 2,15,0,15,0 
2,15,0,15,0 2,15,0,15,0 2,15,0,15,0 2,15,0,15,0 2,15,0,15,0 2,15,0,15,0 2,15,0,15,0 2,15,0,15,0 2,15,0,15,0 2,15,0,15,0 2,15,0,15,0 2,15,0,15,0 2,15,0,15,0 2,15,0,15,0 2,15,0,15,0 2,15,0,15,0 2,15,0,15,0 2,15,0,15,0 2,15,0,15,0 2,15,0,15,0 2,15,0,15,0 2,15,0,15,0 2,15,0,15,0 2,15,0,15,0 2,15,0,15,0 
z
2,15,0,15,0 2,15,0,15,0 2,15,0,15,0 2,15,0,15,0 2,15,0,15,0 2,15,0,15,0 2,15,0,15,0 2,15,0,15,0 2,15,0,15,0 2,15,0,15,0 2,15,0,15,0 2,15,0,15,0 2,15,0,15,0 2,15,0,15,0 2,15,0,15,0 2,15,0,15,0 2,15,0,15,0 2,15,0,15,0 2,15,0,15,0 2,15,0,15,0 2,15,0,15,0 2,15,0,15,0 2,15,0,15,0 2,15,0,15,0 2,15,0,15,0 
2,15,0,15,0 2,15,0,1,0 2,15,0,1,0 2,15,0,1,0 2,15,0,1,0 2,15,0,1,0 2,15,0,1,0 2,15,0,1,0 2,15,0,1,0 2,15,0,1,0 2,15,0,1,0 2,15,0,1,0 2,15,0,1,0 2,15,0,1,0 2,15,0,1,0 2,15,0,1,0 2,15,0,1,0 2,15,0,1,0 2,15,0,1,0 2,15,0,1,0 2,15,0,1,0 2,15,0,1,0 2,15,0,1,0 2,15,0,1,0 2,15,0,15,0 
2,15,0,15,0 2,0,0,15,0 2,15,0,1,0 2,15,0,1,0 2,15,0,1,0 2,15,0,1,0 2,15,0,1,0 2,0,0,15,0 2,15,0,1,0 2,15,0,1,0 2,0,0,15,0 2,15,0,1,0 2,0,0,15,0 2,15,0,1,0 2,15,0,1,0 2,15,0,1,0 2,15,0,1,0 2,15,0,1,0 2,15,0,1,0 2,15,0,1,0 2,15,0,1,0 2,15,0,1,0 2,15,0,1,0 2,0,0,15,0 2,15,0,15,0 
2,15,0,15,0 2,0,0,15,0 2,15,0,1,0 2,15,0,1,0 2,15,0,1,0 2,15,0,1,0 2,0,0,15,0 2,15,0,1,0 2,15,0,1,0 2,15,0,1,0 2,15,0,1,0 2,15,0,1,0 2,15,0,1,0 2,15,0,1,0 2,15,0,1,0 2,15,0,1,0 2,15,0,1,0 2,15,0,1,0 2,15,0,1,0 2,15,0,1,0 2,0,0,15,0 2,15,0,1,0 2,0,0,15,0 2,0,0,15,0 2,15,0,15,0 
2,15,0,15,0 2,0,0,15,0 2,15,0,1,0 2,15,0,1,0 2,15,0,1,0 2,15,0,1,0 2,15,0,1,0 2,15,0,1,0 2,15,0,1,0 2,15,0,1,0 2,15,0,1,0 2,15,0,1,0 2,15,0,1,0 2,15,0,1,0 2,15,0,1,0 2,15,0,1,0 2,15,0,1,0 2,15,0,1,0 2,15,0,1,0 2,15,0,1,0 2,15,0,1,0 2,15,0,1,0 2,15,0,1,0 2,0,0,15,0 2,15,0,15,0 
2,15,0,15,0 2,15,0,1,0 2,15,0,1,0 2,15,0,1,0 2,15,0,1,0 2,15,0,1,0 2,15,0,1,0 2,15,0,1,0 2,15,0,1,0 2,0,0,15,0 2,15,0,1,0 2,15,0,1,0 2,15,0,1,0 2,15,0,1,0 2,15,0,1,0 2,15,0,1,0 2,15,0,1,0 2,15,0,1,0 2,15,0,1,0 2,15,0,1,0 2,15,0,1,0 2,15,0,1,0 2,15,0,1,0 2,15,0,1,0 2,15,0,15,0 
2,15,0,15,0 2,0,0,15,0 2,0,0,15,0 2,15,0,1,0 2,15,0,1,0 2,15,0,1,0 2,15,0,1,0 2,0,0,15,0 2,0,0,15,0 2,15,0,1,0 2,15,0,1,0 2,15,0,1,0 2,15,0,1,0 2,15,0,1,0 2,15,0,1,0 2,15,0,1,0 2,15,0,1,0 2,15,0,1,0 2,15,0,1,0 2,15,0,1,0 2,15,0,1,0 2,15,0,1,0 2,15,0,1,0 2,15,0,1,0 2,15,0,15,0 
2,15,0,15,0 2,0,0,15,0 2,0,0,15,0 2,0,0,15,0 2,15,0,1,0 2,15,0,1,0 2,0,0,15,0 2,0,0,15,0 2,15,0,1,0 2,15,0,1,0 2,15,0,1,0 2,15,0,1,0 2,15,0,1,0 2,15,0,1,0 2,15,0,1,0 2,15,0,1,0 2,15,0,1,0 2,15,0,1,0 2,15,0,1,0 2,15,0,1,0 2,15,0,1,0 2,15,0,1,0 2,15,0,1,0 2,15,0,1,0 2,15,0,15,0 
2,15,0,15,0 6,15,0,1,0 0,15,0,1,0 1,15,0,1,0 1,15,0,15,0 1,15,0,1,0 2,0,0,15,0 2,0,0,15,0 1,15,0,1,0 1,15,0,1,0 1,15,0,1,0 1,15,0,1,0 1,15,0,1,0 2,15,0,1,0 2,15,0,1,0 2,15,0,1,0 2,15,0,1,0 2,15,0,1,0 2,15,0,1,0 2,15,0,1,0 2,15,0,1,0 2,0,0,15,0 2,15,0,1,0 2,15,0,1,0 2,15,0,15,0 
2,15,0,15,0 6,15,0,1,0 0,15,0,1,0 1,15,0,15,0 1,15,0,1,0 1,15,0,15,0 2,0,0,15,0 2,15,0,1,0 1,15,0,1,0 2,15,0,1,0 2,15,0,1,0 2,15,0,1,0 1,15,0,1,0 2,15,0,1,0 2,15,0,1,0 2,15,0,1,0 2,15,0,1,0 2,15,0,1,0 2,15,0,1,0 2,15,0,1,0 2,15,0,1,0 2,15,0,1,0 2,15,0,1,0 2,15,0,1,0 2,15,0,15,0 
2,15,0,15,0 6,15,0,1,0 0,15,0,1,0 1,15,0,15,0 1,15,0,1,0 1,15,0,1,0 2,15,0,1,0 2,0,0,15,0 1,15,0,1,0 2,15,2,5,0 2,15,0,1,0 2,15,2,5,0 1,15,0,1,0 2,15,0,1,0 2,15,0,1,0 2,15,0,1,0 2,15,0,1,0 2,15,0,1,0 2,15,0,1,0 2,15,0,1,0 2,15,0,1,0 2,15,0,1,0 2,15,0,1,0 2,15,0,1,0 2,15,0,15,0 
2,15,0,15,0 2,15,0,1,0 2,0,0,15,0 1,15,0,15,0 1,15,0,15,0 1,15,0,1,0 2,0,0,15,0 2,15,0,1,0 1,15,0,15,0 2,15,0,1,0 2,15,0,1,0 2,15,0,1,0 1,15,0,1,0 2,15,0,1,0 2,15,0,1,0 2,15,0,1,0 2,15,0,1,0 2,15,0,1,0 2,15,0,1,0 2,15,0,1,0 2,15,0,1,0 2,15,0,1,0 2,15,0,1,0 2,15,0,1,0 2,15,0,15,0 
2,15,0,15,0 2,0,0,15,0 2,0,0,15,0 1,15,0,1,0 1,15,0,1,0 1,15,0,15,0 2,0,0,15,0 2,0,0,15,0 1,15,0,15,0 2,15,2,5,0 2,15,0,1,0 2,15,2,5,0 1,15,0,1,0 2,15,0,1,0 2,15,0,1,0 2,15,0,1,0 2,15,0,1,0 2,15,0,1,0 2,15,0,1,0 2,15,0,1,0 2,15,0,1,0 2,15,0,1,0 2,15,0,1,0 2,15,0,1,0 2,15,0,15,0 
2,15,0,15,0 2,0,0,15,0 2,15,0,1,0 1,15,0,1,0 1,15,0,15,0 1,15,0,15,0 2,0,0,15,0 2,0,0,15,0 1,15,0,1,0 2,15,0,1,0 2,15,0,1,0 2,15,0,1,0 1,15,0,1,0 2,15,0,1,0 2,15,0,1,0 2,15,0,1,0 2,15,0,1,0 2,15,0,1,0 2,15,0,1,0 2,15,0,1,0 2,15,0,1,0 2,15,0,1,0 2,15,0,1,0 2,15,0,1,0 2,15,0,15,0 
2,15,0,15,0 2,0,0,15,0 2,0,0,15,0 1,15,0,15,0 1,15,0,15,0 1,15,0,1,0 2,15,0,1,0 2,15,0,1,0 1,15,0,15,0 2,15,0,1,0 2,15,0,1,0 2,15,0,1,0 1,15,0,1,0 2,15,0,1,0 2,15,0,1,0 2,15,0,1,0 2,15,0,1,0 2,15,0,1,0 2,15,0,1,0 2,15,0,1,0 2,15,0,1,0 2,15,0,1,0 2,15,0,1,0 2,15,0,1,0 2,15,0,15,0 
2,15,0,15,0 2,15,0,1,0 2,15,0,1,0 1,15,0,1,0 1,15,0,1,0 1,15,0,1,0 2,0,0,15,0 2,0,0,15,0 1,15,0,1,0 1,15,0,1,0 1,15,0,15,0 1,15,0,1,0 1,15,0,1,0 2,15,0,1,0 2,15,0,1,0 2,15,0,1,0 2,15,0,1,0 2,15,0,1,0 2,15,0,1,0 2,15,0,1,0 2,15,0,1,0 2,15,0,1,0 2,15,0,1,0 2,15,0,1,0 2,15,0,15,0 
2,15,0,15,0 2,0,0,15,0 2,0,0,15,0 1,15,0,1,0 1,15,0,1,0 1,15,0,1,0 2,15,0,1,0 2,15,0,1,0 2,15,0,1,0 2,15,0,1,0 1,15,0,15,0 2,15,0,1,0 2,15,0,1,0 2,15,0,1,0 2,15,0,1,0 2,15,0,1,0 2,15,0,1,0 2,15,0,1,0 2,15,0,1,0 2,15,0,1,0 2,15,0,1,0 2,15,0,1,0 2,15,0,1,0 2,15,0,1,0 2,15,0,15,0 
2,15,0,15,0 2,0,0,15,0 2,0,0,15,0 1,15,0,1,0 1,15,0,1,0 1,15,0,1,0 1,15,0,1,0 1,15,0,15,0 1,15,0,15,0 1,15,0,15,0 1,15,0,15,0 1,15,0,1,0 1,15,0,1,0 1,15,0,1,0 2,15,0,1,0 2,15,0,1,0 2,15,0,1,0 2,15,0,1,0 2,15,0,1,0 2,15,0,1,0 2,15,0,1,0 2,15,0,1,0 2,15,0,1,0 2,15,0,1,0 2,15,0,15,0 
2,15,0,15,0 2,0,0,15,0 2,0,0,15,0 1,15,0,1,0 1,15,0,1,0 1,15,0,15,0 1,15,0,15,0 1,15,0,15,0 1,15,0,15,0 1,15,0,15,0 1,15,0,15,0 1,15,0,1,0 1,15,0,1,0 1,15,0,1,0 3,15,0,1,0 2,15,0,1,0 2,15,0,1,0 2,15,0,1,0 2,15,0,1,0 2,15,0,1,0 2,15,0,1,0 2,15,0,1,0 2,15,0,1,0 2,15,0,1,0 2,15,0,15,0 
2,15,0,15,0 2,0,0,15,0 2,15,0,1,0 1,15,0,1,0 1,15,0,1,0 1,15,0,1,0 1,15,0,15,0 1,15,0,15,0 1,15,0,15,0 1,15,0,1,0 1,15,0,1,0 1,15,0,1,0 1,15,0,15,0 1,15,0,1,0 2,15,0,1,0 2,15,0,1,0 2,15,0,1,0 2,15,0,1,0 2,15,0,1,0 2,15,0,1,0 2,15,0,1,0 2,15,0,1,0 2,0,0,15,0 2,15,0,1,0 2,15,0,15,0 
2,15,0,15,0 2,0,0,15,0 2,0,0,15,0 2,0,0,15,0 2,0,0,15,0 2,0,0,15,0 2,15,0,1,0 2,15,0,1,0 2,15,0,1,0 2,15,0,1,0 2,0,0,15,0 2,0,0,15,0 2,0,0,15,0 2,15,0,1,0 2,0,0,15,0 2,15,0,1,0 2,15,0,1,0 2,15,0,1,0 2,15,0,1,0 2,15,0,1,0 2,15,0,1,0 2,15,0,1,0 2,15,0,1,0 2,15,0,1,0 2,15,0,15,0 
2,15,0,15,0 2,0,0,15,0 2,15,0,1,0 2,15,0,1,0 2,0,0,15,0 2,15,0,1,0 2,15,0,1,0 2,0,0,15,0 2,0,0,15,0 2,0,0,15,0 2,15,0,1,0 2,15,0,1,0 2,15,0,1,0 2,15,0,1,0 2,15,0,1,0 2,15,0,1,0 2,15,0,1,0 2,15,0,1,0 2,0,0,15,0 2,0,0,15,0 2,0,0,15,0 2,0,0,15,0 2,0,0,15,0 2,15,0,1,0 2,15,0,15,0 
2,15,0,15,0 2,0,0,15,0 2,15,0,1,0 2,0,0,15,0 2,0,0,15,0 2,0,0,15,0 2,0,0,15,0 2,0,0,15,0 2,0,0,15,0 2,15,0,1,0 2,15,0,1,0 2,0,0,15,0 2,0,0,15,0 2,15,0,1,0 2,0,0,15,0 2,15,0,1,0 2,15,0,1,0 2,15,0,1,0 2,15,0,1,0 2,15,0,1,0 2,15,0,1,0 2,0,0,15,0 2,15,0,1,0 2,15,0,1,0 2,15,0,15,0 
2,15,0,15,0 2,0,0,15,0 2,0,0,15,0 2,0,0,15,0 2,0,0,15,0 2,0,0,15,0 2,0,0,15,0 2,0,0,15,0 2,0,0,15,0 2,0,0,15,0 2,0,0,15,0 2,0,0,15,0 2,0,0,15,0 2,0,0,15,0 2,0,0,15,0 2,15,0,1,0 2,15,0,1,0 2,0,0,15,0 2,0,0,15,0 2,0,0,15,0 2,0,0,15,0 2,0,0,15,0 2,15,0,1,0 2,0,0,15,0 2,15,0,15,0 
2,15,0,15,0 2,15,0,15,0 2,15,0,15,0 2,15,0,15,0 2,15,0,15,0 2,15,0,15,0 2,15,0,15,0 2,15,0,15,0 2,15,0,15,0 2,15,0,15,0 2,15,0,15,0 2,15,0,15,0 2,15,0,15,0 2,15,0,15,0 2,15,0,15,0 2,15,0,15,0 2,15,0,15,0 2,15,0,15,0 2,15,0,15,0 2,15,0,15,0 2,15,0,15,0 2,15,0,15,0 2,15,0,15,0 2,15,0,15,0 2,15,0,15,0 
z
2,15,0,15,0 2,15,0,15,0 2,15,0,15,0 2,15,0,15,0 2,15,0,15,0 2,15,0,15,0 2,15,0,15,0 2,15,0,15,0 2,15,0,15,0 2,15,0,15,0 2,15,0,15,0 2,15,0,15,0 2,15,0,15,0 2,15,0,15,0 2,15,0,15,0 2,15,0,15,0 2,15,0,15,0 2,15,0,15,0 2,15,0,15,0 2,15,0,15,0 2,15,0,15,0 2,15,0,15,0 2,15,0,15,0 2,15,0,15,0 2,15,0,15,0 
2,15,0,15,0 2,15,0,15,0 2,15,0,15,0 2,15,0,15,0 2,15,0,15,0 2,15,0,15,0 2,15,0,15,0 2,15,0,15,0 2,15,0,15,0 2,15,0,15,0 2,15,0,15,0 2,15,0,15,0 2,15,0,15,0 2,15,0,15,0 2,15,0,15,0 2,15,0,15,0 2,15,0,15,0 2,15,0,15,0 2,15,0,15,0 2,15,0,15,0 2,15,0,15,0 2,15,0,15,0 2,15,0,15,0 2,15,0,15,0 2,15,0,15,0 
2,15,0,15,0 2,15,0,15,0 2,15,0,15,0 2,15,0,15,0 2,15,0,15,0 2,15,0,15,0 2,15,0,15,0 2,15,0,15,0 2,15,0,15,0 2,15,0,15,0 2,15,0,15,0 2,15,0,15,0 2,15,0,15,0 2,15,0,15,0 2,15,0,15,0 2,15,0,15,0 2,15,0,15,0 2,15,0,15,0 2,15,0,15,0 2,15,0,15,0 2,15,0,15,0 2,15,0,15,0 2,15,0,15,0 2,15,0,15,0 2,15,0,15,0 
2,15,0,15,0 2,15,0,15,0 2,15,0,15,0 2,15,0,15,0 2,15,0,15,0 2,15,0,15,0 2,15,0,15,0 2,15,0,15,0 2,15,0,15,0 2,15,0,15,0 2,15,0,15,0 2,15,0,15,0 2,15,0,15,0 2,15,0,15,0 2,15,0,15,0 2,15,0,15,0 2,15,0,15,0 2,15,0,15,0 2,15,0,15,0 2,15,0,15,0 2,15,0,15,0 2,15,0,15,0 2,15,0,15,0 2,15,0,15,0 2,15,0,15,0 
2,15,0,15,0 2,15,0,15,0 2,15,0,15,0 2,15,0,15,0 2,15,0,15,0 2,15,0,15,0 2,15,0,15,0 2,15,0,15,0 2,15,0,15,0 2,15,0,15,0 2,15,0,15,0 2,15,0,15,0 2,15,0,15,0 2,15,0,15,0 2,15,0,15,0 2,15,0,15,0 2,15,0,15,0 2,15,0,15,0 2,15,0,15,0 2,15,0,15,0 2,15,0,15,0 2,15,0,15,0 2,15,0,15,0 2,15,0,15,0 2,15,0,15,0 
2,15,0,15,0 2,15,0,15,0 2,15,0,15,0 2,15,0,15,0 2,15,0,15,0 2,15,0,15,0 2,15,0,15,0 2,15,0,15,0 2,15,0,15,0 2,15,0,15,0 2,15,0,15,0 2,15,0,15,0 2,15,0,15,0 2,15,0,15,0 2,15,0,15,0 2,15,0,15,0 2,15,0,15,0 2,15,0,15,0 2,15,0,15,0 2,15,0,15,0 2,15,0,15,0 2,15,0,15,0 2,15,0,15,0 2,15,0,15,0 2,15,0,15,0 
2,15,0,15,0 2,15,0,15,0 2,15,0,15,0 2,15,0,15,0 2,15,0,15,0 2,15,0,15,0 2,15,0,15,0 2,15,0,15,0 2,15,0,15,0 2,15,0,15,0 2,15,0,15,0 2,15,0,15,0 2,15,0,15,0 2,15,0,15,0 2,15,0,15,0 2,15,0,15,0 2,15,0,15,0 2,15,0,15,0 2,15,0,15,0 2,15,0,15,0 2,15,0,15,0 2,15,0,15,0 2,15,0,15,0 2,15,0,15,0 2,15,0,15,0 
2,15,0,15,0 2,15,0,15,0 2,15,0,15,0 2,15,0,15,0 2,15,0,15,0 2,15,0,15,0 2,15,0,15,0 2,15,0,15,0 2,15,0,15,0 2,15,0,15,0 2,15,0,15,0 2,15,0,15,0 2,15,0,15,0 2,15,0,15,0 2,15,0,15,0 2,15,0,15,0 2,15,0,15,0 2,15,0,15,0 2,15,0,15,0 2,15,0,15,0 2,15,0,15,0 2,15,0,15,0 2,15,0,15,0 2,15,0,15,0 2,15,0,15,0 
2,15,0,15,0 2,15,0,15,0 2,15,0,15,0 2,15,0,15,0 2,15,0,15,0 2,15,0,15,0 2,15,0,15,0 2,15,0,15,0 2,15,0,15,0 2,15,0,15,0 2,15,0,15,0 2,15,0,15,0 2,15,0,15,0 2,15,0,15,0 2,15,0,15,0 2,15,0,15,0 2,15,0,15,0 2,15,0,15,0 2,15,0,15,0 2,15,0,15,0 2,15,0,15,0 2,15,0,15,0 2,15,0,15,0 2,15,0,15,0 2,15,0,15,0 
2,15,0,15,0 2,15,0,15,0 2,15,0,15,0 2,15,0,15,0 2,15,0,15,0 2,15,0,15,0 2,15,0,15,0 2,15,0,15,0 2,15,0,15,0 2,15,0,15,0 2,15,0,15,0 2,15,0,15,0 2,15,0,15,0 2,15,0,15,0 2,15,0,15,0 2,15,0,15,0 2,15,0,15,0 2,15,0,15,0 2,15,0,15,0 2,15,0,15,0 2,15,0,15,0 2,15,0,15,0 2,15,0,15,0 2,15,0,15,0 2,15,0,15,0 
2,15,0,15,0 2,15,0,15,0 2,15,0,15,0 2,15,0,15,0 2,15,0,15,0 2,15,0,15,0 2,15,0,15,0 2,15,0,15,0 2,15,0,15,0 2,15,0,15,0 2,15,0,15,0 2,15,0,15,0 2,15,0,15,0 2,15,0,15,0 2,15,0,15,0 2,15,0,15,0 2,15,0,15,0 2,15,0,15,0 2,15,0,15,0 2,15,0,15,0 2,15,0,15,0 2,15,0,15,0 2,15,0,15,0 2,15,0,15,0 2,15,0,15,0 
2,15,0,15,0 2,15,0,15,0 2,15,0,15,0 2,15,0,15,0 2,15,0,15,0 2,15,0,15,0 2,15,0,15,0 2,15,0,15,0 2,15,0,15,0 2,15,0,15,0 2,15,0,15,0 2,15,0,15,0 2,15,0,15,0 2,15,0,15,0 2,15,0,15,0 2,15,0,15,0 2,15,0,15,0 2,15,0,15,0 2,15,0,15,0 2,15,0,15,0 2,15,0,15,0 2,15,0,15,0 2,15,0,15,0 2,15,0,15,0 2,15,0,15,0 
2,15,0,15,0 2,15,0,15,0 2,15,0,15,0 2,15,0,15,0 2,15,0,15,0 2,15,0,15,0 2,15,0,15,0 2,15,0,15,0 2,15,0,15,0 2,15,0,15,0 2,15,0,15,0 2,15,0,15,0 2,15,0,15,0 2,15,0,15,0 2,15,0,15,0 2,15,0,15,0 2,15,0,15,0 2,15,0,15,0 2,15,0,15,0 2,15,0,15,0 2,15,0,15,0 2,15,0,15,0 2,15,0,15,0 2,15,0,15,0 2,15,0,15,0 
2,15,0,15,0 2,15,0,15,0 2,15,0,15,0 2,15,0,15,0 2,15,0,15,0 2,15,0,15,0 2,15,0,15,0 2,15,0,15,0 2,15,0,15,0 2,15,0,15,0 2,15,0,15,0 2,15,0,15,0 2,15,0,15,0 2,15,0,15,0 2,15,0,15,0 2,15,0,15,0 2,15,0,15,0 2,15,0,15,0 2,15,0,15,0 2,15,0,15,0 2,15,0,15,0 2,15,0,15,0 2,15,0,15,0 2,15,0,15,0 2,15,0,15,0 
2,15,0,15,0 2,15,0,15,0 2,15,0,15,0 2,15,0,15,0 2,15,0,15,0 2,15,0,15,0 2,15,0,15,0 2,15,0,15,0 2,15,0,15,0 2,15,0,15,0 2,15,0,15,0 2,15,0,15,0 2,15,0,15,0 2,15,0,15,0 2,15,0,15,0 2,15,0,15,0 2,15,0,15,0 2,15,0,15,0 2,15,0,15,0 2,15,0,15,0 2,15,0,15,0 2,15,0,15,0 2,15,0,15,0 2,15,0,15,0 2,15,0,15,0 
2,15,0,15,0 2,15,0,15,0 2,15,0,15,0 2,15,0,15,0 2,15,0,15,0 2,15,0,15,0 2,15,0,15,0 2,15,0,15,0 2,15,0,15,0 2,15,0,15,0 2,15,0,15,0 2,15,0,15,0 2,15,0,15,0 2,15,0,15,0 2,15,0,15,0 2,15,0,15,0 2,15,0,15,0 2,15,0,15,0 2,15,0,15,0 2,15,0,15,0 2,15,0,15,0 2,15,0,15,0 2,15,0,15,0 2,15,0,15,0 2,15,0,15,0 
2,15,0,15,0 2,15,0,15,0 2,15,0,15,0 2,15,0,15,0 2,15,0,15,0 2,15,0,15,0 2,15,0,15,0 2,15,0,15,0 2,15,0,15,0 2,15,0,15,0 2,15,0,15,0 2,15,0,15,0 2,15,0,15,0 2,15,0,15,0 2,15,0,15,0 2,15,0,15,0 2,15,0,15,0 2,15,0,15,0 2,15,0,15,0 2,15,0,15,0 2,15,0,15,0 2,15,0,15,0 2,15,0,15,0 2,15,0,15,0 2,15,0,15,0 
2,15,0,15,0 2,15,0,15,0 2,15,0,15,0 2,15,0,15,0 2,15,0,15,0 2,15,0,15,0 2,15,0,15,0 2,15,0,15,0 2,15,0,15,0 2,15,0,15,0 2,15,0,15,0 2,15,0,15,0 2,15,0,15,0 2,15,0,15,0 2,15,0,15,0 2,15,0,15,0 2,15,0,15,0 2,15,0,15,0 2,15,0,15,0 2,15,0,15,0 2,15,0,15,0 2,15,0,15,0 2,15,0,15,0 2,15,0,15,0 2,15,0,15,0 
2,15,0,15,0 2,15,0,15,0 2,15,0,15,0 2,15,0,15,0 2,15,0,15,0 2,15,0,15,0 2,15,0,15,0 2,15,0,15,0 2,15,0,15,0 2,15,0,15,0 2,15,0,15,0 2,15,0,15,0 2,15,0,15,0 2,15,0,15,0 2,15,0,15,0 2,15,0,15,0 2,15,0,15,0 2,15,0,15,0 2,15,0,15,0 2,15,0,15,0 2,15,0,15,0 2,15,0,15,0 2,15,0,15,0 2,15,0,15,0 2,15,0,15,0 
2,15,0,15,0 2,15,0,15,0 2,15,0,15,0 2,15,0,15,0 2,15,0,15,0 2,15,0,15,0 2,15,0,15,0 2,15,0,15,0 2,15,0,15,0 2,15,0,15,0 2,15,0,15,0 2,15,0,15,0 2,15,0,15,0 2,15,0,15,0 2,15,0,15,0 2,15,0,15,0 2,15,0,15,0 2,15,0,15,0 2,15,0,15,0 2,15,0,15,0 2,15,0,15,0 2,15,0,15,0 2,15,0,15,0 2,15,0,15,0 2,15,0,15,0 
2,15,0,15,0 2,15,0,15,0 2,15,0,15,0 2,15,0,15,0 2,15,0,15,0 2,15,0,15,0 2,15,0,15,0 2,15,0,15,0 2,15,0,15,0 2,15,0,15,0 2,15,0,15,0 2,15,0,15,0 2,15,0,15,0 2,15,0,15,0 2,15,0,15,0 2,15,0,15,0 2,15,0,15,0 2,15,0,15,0 2,15,0,15,0 2,15,0,15,0 2,15,0,15,0 2,15,0,15,0 2,15,0,15,0 2,15,0,15,0 2,15,0,15,0 
2,15,0,15,0 2,15,0,15,0 2,15,0,15,0 2,15,0,15,0 2,15,0,15,0 2,15,0,15,0 2,15,0,15,0 2,15,0,15,0 2,15,0,15,0 2,15,0,15,0 2,15,0,15,0 2,15,0,15,0 2,15,0,15,0 2,15,0,15,0 2,15,0,15,0 2,15,0,15,0 2,15,0,15,0 2,15,0,15,0 2,15,0,15,0 2,15,0,15,0 2,15,0,15,0 2,15,0,15,0 2,15,0,15,0 2,15,0,15,0 2,15,0,15,0 
2,15,0,15,0 2,15,0,15,0 2,15,0,15,0 2,15,0,15,0 2,15,0,15,0 2,15,0,15,0 2,15,0,15,0 2,15,0,15,0 2,15,0,15,0 2,15,0,15,0 2,15,0,15,0 2,15,0,15,0 2,15,0,15,0 2,15,0,15,0 2,15,0,15,0 2,15,0,15,0 2,15,0,15,0 2,15,0,15,0 2,15,0,15,0 2,15,0,15,0 2,15,0,15,0 2,15,0,15,0 2,15,0,15,0 2,15,0,15,0 2,15,0,15,0 
2,15,0,15,0 2,15,0,15,0 2,15,0,15,0 2,15,0,15,0 2,15,0,15,0 2,15,0,15,0 2,15,0,15,0 2,15,0,15,0 2,15,0,15,0 2,15,0,15,0 2,15,0,15,0 2,15,0,15,0 2,15,0,15,0 2,15,0,15,0 2,15,0,15,0 2,15,0,15,0 2,15,0,15,0 2,15,0,15,0 2,15,0,15,0 2,15,0,15,0 2,15,0,15,0 2,15,0,15,0 2,15,0,15,0 2,15,0,15,0 2,15,0,15,0 
2,15,0,15,0 2,15,0,15,0 2,15,0,15,0 2,15,0,15,0 2,15,0,15,0 2,15,0,15,0 2,15,0,15,0 2,15,0,15,0 2,15,0,15,0 2,15,0,15,0 2,15,0,15,0 2,15,0,15,0 2,15,0,15,0 2,15,0,15,0 2,15,0,15,0 2,15,0,15,0 2,15,0,15,0 2,15,0,15,0 2,15,0,15,0 2,15,0,15,0 2,15,0,15,0 2,15,0,15,0 2,15,0,15,0 2,15,0,15,0 2,15,0,15,0 
Sprite
16,0,0,15,0,0,0
16,0,0,15,0,0,0
16,0,0,15,0,0,0
16,0,0,15,0,0,0
16,0,2,55,226,207,1800
16,0,2,65,49,203,1800
21,0,1,45,125,16,1800
19,0,1,35,150,68,1800
18,0,2,55,47,187,1800
21,0,2,65,47,192,1800
19,0,2,65,184,178,1800
Object
34,0,0,19,72,174,0
35,0,0,15,154,62,0
34,0,0,49,234,59,0
35,0,0,35,235,233,0
9,0,0,55,214,125,0
34,0,0,19,224,59,0
34,0,0,19,105,175,0
35,0,0,75,110,33,0
34,0,0,19,33,135,0
35,0,0,75,86,35,0
37,0,0,35,39,172,0
36,0,0,39,39,174,0
30,0,0,39,31,173,0
end
